Mask 0 0 0 5 299 121 465 0 0 0 0 0 0 0
No-Mask 0 0 0 386 17 425 53 0 0 0 0 0 0 0
Mask 0 0 0 280 14 336 51 0 0 0 0 0 0 0
Mask 0 0 0 25 0 77 22 0 0 0 0 0 0 0
Mask 0 0 0 221 72 273 117 0 0 0 0 0 0 0
Mask 0 0 0 300 73 365 128 0 0 0 0 0 0 0
No-Mask 0 0 0 544 94 584 132 0 0 0 0 0 0 0
No-Mask 0 0 0 499 121 557 167 0 0 0 0 0 0 0
Mask 0 0 0 633 52 687 104 0 0 0 0 0 0 0
Mask 0 0 0 769 85 815 129 0 0 0 0 0 0 0
Mask 0 0 0 705 232 785 289 0 0 0 0 0 0 0
Mask 0 0 0 865 170 924 216 0 0 0 0 0 0 0
Mask 0 0 0 443 196 508 257 0 0 0 0 0 0 0
