Mask 0 0 0 21 99 88 146 0 0 0 0 0 0 0
Mask 0 0 0 151 86 214 140 0 0 0 0 0 0 0
Mask 0 0 0 269 84 335 138 0 0 0 0 0 0 0
Mask 0 0 0 360 112 419 149 0 0 0 0 0 0 0
Mask 0 0 0 409 106 469 160 0 0 0 0 0 0 0
Mask 0 0 0 649 81 707 158 0 0 0 0 0 0 0
Mask 0 0 0 778 119 847 192 0 0 0 0 0 0 0
Mask 0 0 0 823 261 898 340 0 0 0 0 0 0 0
Mask 0 0 0 736 315 817 376 0 0 0 0 0 0 0
Mask 0 0 0 552 302 621 366 0 0 0 0 0 0 0
Mask 0 0 0 470 235 535 314 0 0 0 0 0 0 0
Mask 0 0 0 292 293 378 356 0 0 0 0 0 0 0
Mask 0 0 0 99 241 170 310 0 0 0 0 0 0 0
