Mask 0 0 0 4 65 44 109 0 0 0 0 0 0 0
Mask 0 0 0 55 86 106 141 0 0 0 0 0 0 0
No-Mask 0 0 0 72 170 121 222 0 0 0 0 0 0 0
Mask 0 0 0 9 428 83 505 0 0 0 0 0 0 0
Mask 0 0 0 222 34 279 82 0 0 0 0 0 0 0
Mask 0 0 0 236 178 291 240 0 0 0 0 0 0 0
Mask 0 0 0 86 365 155 441 0 0 0 0 0 0 0
Mask 0 0 0 330 461 394 533 0 0 0 0 0 0 0
Mask 0 0 0 435 30 500 86 0 0 0 0 0 0 0
Mask 0 0 0 450 132 510 193 0 0 0 0 0 0 0
Mask 0 0 0 470 353 526 405 0 0 0 0 0 0 0
Mask 0 0 0 509 394 582 465 0 0 0 0 0 0 0
Mask 0 0 0 606 30 664 85 0 0 0 0 0 0 0
Mask 0 0 0 588 176 641 237 0 0 0 0 0 0 0
Mask 0 0 0 685 22 752 90 0 0 0 0 0 0 0
Mask 0 0 0 766 1 818 36 0 0 0 0 0 0 0
Mask 0 0 0 828 80 891 138 0 0 0 0 0 0 0
Mask 0 0 0 859 280 929 340 0 0 0 0 0 0 0
