Mask 0 0 0 116 20 131 33 0 0 0 0 0 0 0
Mask 0 0 0 75 101 94 117 0 0 0 0 0 0 0
No-Mask 0 0 0 122 149 145 167 0 0 0 0 0 0 0
Mask 0 0 0 110 192 137 213 0 0 0 0 0 0 0
Mask 0 0 0 162 196 178 216 0 0 0 0 0 0 0
Mask 0 0 0 4 251 28 273 0 0 0 0 0 0 0
Mask 0 0 0 56 244 80 261 0 0 0 0 0 0 0
Mask 0 0 0 112 248 139 269 0 0 0 0 0 0 0
No-Mask 0 0 0 95 299 121 321 0 0 0 0 0 0 0
Mask 0 0 0 59 375 84 393 0 0 0 0 0 0 0
No-Mask 0 0 0 143 334 165 355 0 0 0 0 0 0 0
Mask 0 0 0 338 4 356 17 0 0 0 0 0 0 0
Mask 0 0 0 328 23 348 40 0 0 0 0 0 0 0
Mask 0 0 0 297 44 312 58 0 0 0 0 0 0 0
Mask 0 0 0 281 58 295 73 0 0 0 0 0 0 0
Mask 0 0 0 245 74 264 89 0 0 0 0 0 0 0
Mask 0 0 0 226 124 242 137 0 0 0 0 0 0 0
No-Mask 0 0 0 196 129 213 143 0 0 0 0 0 0 0
Mask 0 0 0 204 147 223 162 0 0 0 0 0 0 0
No-Mask 0 0 0 245 151 265 166 0 0 0 0 0 0 0
Mask 0 0 0 243 210 263 228 0 0 0 0 0 0 0
No-Mask 0 0 0 264 238 281 254 0 0 0 0 0 0 0
Mask 0 0 0 237 321 265 345 0 0 0 0 0 0 0
Mask 0 0 0 296 410 327 437 0 0 0 0 0 0 0
Mask 0 0 0 217 501 254 532 0 0 0 0 0 0 0
Mask 0 0 0 430 4 441 15 0 0 0 0 0 0 0
Mask 0 0 0 394 24 408 38 0 0 0 0 0 0 0
Mask 0 0 0 369 31 385 44 0 0 0 0 0 0 0
No-Mask 0 0 0 379 58 392 71 0 0 0 0 0 0 0
Mask 0 0 0 405 49 422 67 0 0 0 0 0 0 0
Mask 0 0 0 303 106 321 121 0 0 0 0 0 0 0
Mask 0 0 0 373 104 390 120 0 0 0 0 0 0 0
No-Mask 0 0 0 322 123 341 140 0 0 0 0 0 0 0
No-Mask 0 0 0 280 140 297 155 0 0 0 0 0 0 0
Mask 0 0 0 342 151 363 169 0 0 0 0 0 0 0
Mask 0 0 0 317 194 339 209 0 0 0 0 0 0 0
Mask 0 0 0 424 169 445 188 0 0 0 0 0 0 0
Mask 0 0 0 392 194 415 210 0 0 0 0 0 0 0
Mask 0 0 0 332 241 351 261 0 0 0 0 0 0 0
Mask 0 0 0 403 225 425 247 0 0 0 0 0 0 0
Mask 0 0 0 348 328 373 351 0 0 0 0 0 0 0
Mask 0 0 0 352 370 377 393 0 0 0 0 0 0 0
Mask 0 0 0 379 375 407 399 0 0 0 0 0 0 0
Mask 0 0 0 378 495 413 525 0 0 0 0 0 0 0
Mask 0 0 0 434 421 451 441 0 0 0 0 0 0 0
Mask 0 0 0 438 310 464 332 0 0 0 0 0 0 0
Mask 0 0 0 424 291 448 307 0 0 0 0 0 0 0
Mask 0 0 0 451 32 463 43 0 0 0 0 0 0 0
Mask 0 0 0 517 13 529 24 0 0 0 0 0 0 0
Mask 0 0 0 482 39 494 45 0 0 0 0 0 0 0
Mask 0 0 0 510 51 526 65 0 0 0 0 0 0 0
Mask 0 0 0 542 27 558 42 0 0 0 0 0 0 0
Mask 0 0 0 468 69 484 84 0 0 0 0 0 0 0
Mask 0 0 0 506 104 516 114 0 0 0 0 0 0 0
Mask 0 0 0 477 124 496 138 0 0 0 0 0 0 0
Mask 0 0 0 529 155 548 172 0 0 0 0 0 0 0
Mask 0 0 0 456 190 475 209 0 0 0 0 0 0 0
Mask 0 0 0 525 182 543 198 0 0 0 0 0 0 0
Mask 0 0 0 505 195 527 217 0 0 0 0 0 0 0
Mask 0 0 0 467 239 485 258 0 0 0 0 0 0 0
Mask 0 0 0 597 0 611 11 0 0 0 0 0 0 0
Mask 0 0 0 607 41 623 55 0 0 0 0 0 0 0
Mask 0 0 0 634 32 647 45 0 0 0 0 0 0 0
Mask 0 0 0 660 42 671 54 0 0 0 0 0 0 0
Mask 0 0 0 667 44 681 58 0 0 0 0 0 0 0
No-Mask 0 0 0 643 69 656 82 0 0 0 0 0 0 0
Mask 0 0 0 697 53 712 67 0 0 0 0 0 0 0
No-Mask 0 0 0 700 71 715 85 0 0 0 0 0 0 0
Mask 0 0 0 673 104 690 118 0 0 0 0 0 0 0
No-Mask 0 0 0 611 86 627 98 0 0 0 0 0 0 0
Mask 0 0 0 601 156 619 170 0 0 0 0 0 0 0
Mask 0 0 0 568 207 592 223 0 0 0 0 0 0 0
Mask 0 0 0 633 203 652 218 0 0 0 0 0 0 0
Mask 0 0 0 559 277 586 294 0 0 0 0 0 0 0
Mask 0 0 0 564 403 595 427 0 0 0 0 0 0 0
Mask 0 0 0 509 460 542 488 0 0 0 0 0 0 0
Mask 0 0 0 605 439 637 464 0 0 0 0 0 0 0
Mask 0 0 0 728 0 743 12 0 0 0 0 0 0 0
Mask 0 0 0 780 34 794 49 0 0 0 0 0 0 0
No-Mask 0 0 0 798 45 812 56 0 0 0 0 0 0 0
Mask 0 0 0 782 72 794 85 0 0 0 0 0 0 0
Mask 0 0 0 785 87 802 100 0 0 0 0 0 0 0
Mask 0 0 0 733 123 753 140 0 0 0 0 0 0 0
Mask 0 0 0 778 159 795 176 0 0 0 0 0 0 0
Mask 0 0 0 658 223 679 242 0 0 0 0 0 0 0
Mask 0 0 0 692 211 712 229 0 0 0 0 0 0 0
Mask 0 0 0 677 243 701 262 0 0 0 0 0 0 0
Mask 0 0 0 687 282 708 305 0 0 0 0 0 0 0
Mask 0 0 0 658 291 684 314 0 0 0 0 0 0 0
Mask 0 0 0 710 485 743 514 0 0 0 0 0 0 0
Mask 0 0 0 848 521 885 544 0 0 0 0 0 0 0
Mask 0 0 0 909 527 945 544 0 0 0 0 0 0 0
Mask 0 0 0 856 428 887 452 0 0 0 0 0 0 0
Mask 0 0 0 890 414 918 442 0 0 0 0 0 0 0
Mask 0 0 0 892 318 920 342 0 0 0 0 0 0 0
Mask 0 0 0 894 281 920 301 0 0 0 0 0 0 0
Mask 0 0 0 950 257 960 277 0 0 0 0 0 0 0
Mask 0 0 0 852 256 871 266 0 0 0 0 0 0 0
Mask 0 0 0 867 229 889 247 0 0 0 0 0 0 0
Mask 0 0 0 836 195 857 214 0 0 0 0 0 0 0
Mask 0 0 0 878 166 897 185 0 0 0 0 0 0 0
Mask 0 0 0 827 167 847 184 0 0 0 0 0 0 0
Mask 0 0 0 808 145 826 163 0 0 0 0 0 0 0
Mask 0 0 0 865 144 878 156 0 0 0 0 0 0 0
Mask 0 0 0 812 114 830 129 0 0 0 0 0 0 0
Mask 0 0 0 828 84 843 99 0 0 0 0 0 0 0
Mask 0 0 0 917 93 928 107 0 0 0 0 0 0 0
Mask 0 0 0 935 51 950 65 0 0 0 0 0 0 0
Mask 0 0 0 852 33 867 47 0 0 0 0 0 0 0
Mask 0 0 0 828 17 841 30 0 0 0 0 0 0 0
Mask 0 0 0 886 24 900 34 0 0 0 0 0 0 0
No-Mask 0 0 0 913 11 925 22 0 0 0 0 0 0 0
No-Mask 0 0 0 948 34 960 45 0 0 0 0 0 0 0
