No-Mask 0 0 0 13 225 102 301 0 0 0 0 0 0 0
No-Mask 0 0 0 51 40 116 92 0 0 0 0 0 0 0
Mask 0 0 0 115 23 167 75 0 0 0 0 0 0 0
Mask 0 0 0 271 2 324 48 0 0 0 0 0 0 0
No-Mask 0 0 0 185 34 254 94 0 0 0 0 0 0 0
No-Mask 0 0 0 232 133 275 175 0 0 0 0 0 0 0
No-Mask 0 0 0 166 224 248 295 0 0 0 0 0 0 0
No-Mask 0 0 0 99 318 204 378 0 0 0 0 0 0 0
Mask 0 0 0 139 417 265 536 0 0 0 0 0 0 0
No-Mask 0 0 0 276 315 411 402 0 0 0 0 0 0 0
No-Mask 0 0 0 267 171 355 239 0 0 0 0 0 0 0
No-Mask 0 0 0 296 53 365 96 0 0 0 0 0 0 0
No-Mask 0 0 0 391 58 453 107 0 0 0 0 0 0 0
Mask 0 0 0 445 35 515 89 0 0 0 0 0 0 0
Mask 0 0 0 427 155 512 226 0 0 0 0 0 0 0
No-Mask 0 0 0 517 115 577 169 0 0 0 0 0 0 0
No-Mask 0 0 0 567 29 641 92 0 0 0 0 0 0 0
No-Mask 0 0 0 672 38 738 80 0 0 0 0 0 0 0
No-Mask 0 0 0 685 121 745 169 0 0 0 0 0 0 0
Mask 0 0 0 606 190 701 274 0 0 0 0 0 0 0
No-Mask 0 0 0 566 327 653 395 0 0 0 0 0 0 0
Mask 0 0 0 675 394 772 472 0 0 0 0 0 0 0
Mask 0 0 0 752 234 839 308 0 0 0 0 0 0 0
No-Mask 0 0 0 802 53 860 104 0 0 0 0 0 0 0
No-Mask 0 0 0 913 28 960 68 0 0 0 0 0 0 0
Mask 0 0 0 852 145 922 198 0 0 0 0 0 0 0
