Mask 0 0 0 245 41 269 75 0 0 0 0 0 0 0
Mask 0 0 0 208 62 246 101 0 0 0 0 0 0 0
Mask 0 0 0 120 309 196 384 0 0 0 0 0 0 0
Mask 0 0 0 295 252 355 319 0 0 0 0 0 0 0
Mask 0 0 0 378 140 430 201 0 0 0 0 0 0 0
Mask 0 0 0 378 10 396 29 0 0 0 0 0 0 0
Mask 0 0 0 431 16 449 41 0 0 0 0 0 0 0
Mask 0 0 0 520 30 550 57 0 0 0 0 0 0 0
Mask 0 0 0 497 109 547 168 0 0 0 0 0 0 0
Mask 0 0 0 518 199 579 266 0 0 0 0 0 0 0
Mask 0 0 0 600 104 656 164 0 0 0 0 0 0 0
No-Mask 0 0 0 706 54 735 85 0 0 0 0 0 0 0
Mask 0 0 0 763 66 798 109 0 0 0 0 0 0 0
Mask 0 0 0 745 11 771 40 0 0 0 0 0 0 0
Mask 0 0 0 803 5 836 39 0 0 0 0 0 0 0
Mask 0 0 0 849 25 882 49 0 0 0 0 0 0 0
