No-Mask 0 0 0 66 111 128 170 0 0 0 0 0 0 0
Mask 0 0 0 206 95 246 135 0 0 0 0 0 0 0
Mask 0 0 0 245 103 277 130 0 0 0 0 0 0 0
Mask 0 0 0 310 88 346 123 0 0 0 0 0 0 0
Mask 0 0 0 171 195 237 253 0 0 0 0 0 0 0
Mask 0 0 0 254 245 347 332 0 0 0 0 0 0 0
Mask 0 0 0 364 101 389 126 0 0 0 0 0 0 0
Mask 0 0 0 382 116 414 148 0 0 0 0 0 0 0
Mask 0 0 0 440 135 488 191 0 0 0 0 0 0 0
Mask 0 0 0 510 99 541 139 0 0 0 0 0 0 0
Mask 0 0 0 605 200 687 275 0 0 0 0 0 0 0
Mask 0 0 0 769 406 924 538 0 0 0 0 0 0 0
Mask 0 0 0 712 129 769 179 0 0 0 0 0 0 0
