Mask 0 0 0 1 186 19 201 0 0 0 0 0 0 0
Mask 0 0 0 102 198 122 214 0 0 0 0 0 0 0
Mask 0 0 0 16 229 52 265 0 0 0 0 0 0 0
Mask 0 0 0 78 276 107 314 0 0 0 0 0 0 0
Mask 0 0 0 174 214 225 268 0 0 0 0 0 0 0
Mask 0 0 0 210 187 231 216 0 0 0 0 0 0 0
Mask 0 0 0 239 176 259 197 0 0 0 0 0 0 0
Mask 0 0 0 306 189 318 203 0 0 0 0 0 0 0
Mask 0 0 0 280 205 296 225 0 0 0 0 0 0 0
Mask 0 0 0 291 239 325 277 0 0 0 0 0 0 0
Mask 0 0 0 330 223 349 252 0 0 0 0 0 0 0
Mask 0 0 0 358 220 411 272 0 0 0 0 0 0 0
Mask 0 0 0 404 305 467 380 0 0 0 0 0 0 0
Mask 0 0 0 562 239 584 275 0 0 0 0 0 0 0
Mask 0 0 0 609 209 629 235 0 0 0 0 0 0 0
Mask 0 0 0 644 252 678 292 0 0 0 0 0 0 0
Mask 0 0 0 738 269 891 437 0 0 0 0 0 0 0
Mask 0 0 0 874 370 933 440 0 0 0 0 0 0 0
