Mask 0 0 0 12 323 174 498 0 0 0 0 0 0 0
Mask 0 0 0 204 284 302 387 0 0 0 0 0 0 0
No-Mask 0 0 0 259 177 322 237 0 0 0 0 0 0 0
Mask 0 0 0 354 240 436 321 0 0 0 0 0 0 0
No-Mask 0 0 0 442 161 475 225 0 0 0 0 0 0 0
Mask 0 0 0 474 172 579 289 0 0 0 0 0 0 0
Mask 0 0 0 577 181 660 279 0 0 0 0 0 0 0
No-Mask 0 0 0 626 52 668 98 0 0 0 0 0 0 0
Mask 0 0 0 807 96 853 137 0 0 0 0 0 0 0
Mask 0 0 0 857 72 908 128 0 0 0 0 0 0 0
Mask 0 0 0 687 148 733 195 0 0 0 0 0 0 0
Mask 0 0 0 717 189 786 268 0 0 0 0 0 0 0
Mask 0 0 0 890 203 954 276 0 0 0 0 0 0 0
Mask 0 0 0 660 451 788 544 0 0 0 0 0 0 0
Mask 0 0 0 409 41 441 71 0 0 0 0 0 0 0
No-Mask 0 0 0 558 54 588 94 0 0 0 0 0 0 0
No-Mask 0 0 0 732 14 762 41 0 0 0 0 0 0 0
