Mask 0 0 0 691 329 789 459 0 0 0 0 0 0 0
Mask 0 0 0 150 105 241 202 0 0 0 0 0 0 0
Mask 0 0 0 9 372 117 496 0 0 0 0 0 0 0
Mask 0 0 0 754 112 842 200 0 0 0 0 0 0 0
Mask 0 0 0 329 191 420 307 0 0 0 0 0 0 0
Mask 0 0 0 482 355 595 489 0 0 0 0 0 0 0
Mask 0 0 0 352 365 466 499 0 0 0 0 0 0 0
Mask 0 0 0 213 345 326 479 0 0 0 0 0 0 0
Mask 0 0 0 140 291 241 415 0 0 0 0 0 0 0
Mask 0 0 0 11 112 111 236 0 0 0 0 0 0 0
Mask 0 0 0 108 1 181 75 0 0 0 0 0 0 0
Mask 0 0 0 406 11 494 120 0 0 0 0 0 0 0
Mask 0 0 0 522 44 620 157 0 0 0 0 0 0 0
Mask 0 0 0 647 15 745 128 0 0 0 0 0 0 0
Mask 0 0 0 860 43 960 208 0 0 0 0 0 0 0
Mask 0 0 0 626 144 726 309 0 0 0 0 0 0 0
Mask 0 0 0 524 172 626 304 0 0 0 0 0 0 0
