Mask 0 0 0 155 73 196 113 0 0 0 0 0 0 0
Mask 0 0 0 120 396 196 483 0 0 0 0 0 0 0
Mask 0 0 0 874 154 928 211 0 0 0 0 0 0 0
Mask 0 0 0 731 167 791 239 0 0 0 0 0 0 0
Mask 0 0 0 472 329 565 419 0 0 0 0 0 0 0
Mask 0 0 0 286 219 342 268 0 0 0 0 0 0 0
Mask 0 0 0 467 189 519 235 0 0 0 0 0 0 0
Mask 0 0 0 155 150 203 202 0 0 0 0 0 0 0
No-Mask 0 0 0 385 122 433 169 0 0 0 0 0 0 0
Mask 0 0 0 384 284 445 365 0 0 0 0 0 0 0
Mask 0 0 0 738 434 831 529 0 0 0 0 0 0 0
Mask 0 0 0 790 111 846 168 0 0 0 0 0 0 0
Mask 0 0 0 640 7 668 46 0 0 0 0 0 0 0
Mask 0 0 0 646 152 685 202 0 0 0 0 0 0 0
Mask 0 0 0 529 225 591 286 0 0 0 0 0 0 0
Mask 0 0 0 705 321 781 399 0 0 0 0 0 0 0
Mask 0 0 0 41 120 91 173 0 0 0 0 0 0 0
Mask 0 0 0 541 4 575 43 0 0 0 0 0 0 0
Mask 0 0 0 781 60 818 105 0 0 0 0 0 0 0
Mask 0 0 0 698 20 724 54 0 0 0 0 0 0 0
Mask 0 0 0 309 161 354 201 0 0 0 0 0 0 0
Mask 0 0 0 848 27 891 63 0 0 0 0 0 0 0
Mask 0 0 0 352 75 384 107 0 0 0 0 0 0 0
Mask 0 0 0 32 248 107 326 0 0 0 0 0 0 0
Mask 0 0 0 287 17 323 51 0 0 0 0 0 0 0
Mask 0 0 0 932 91 958 131 0 0 0 0 0 0 0
Mask 0 0 0 740 15 769 43 0 0 0 0 0 0 0
Mask 0 0 0 937 49 960 80 0 0 0 0 0 0 0
Mask 0 0 0 484 92 536 153 0 0 0 0 0 0 0
Mask 0 0 0 809 36 841 73 0 0 0 0 0 0 0
Mask 0 0 0 287 98 329 146 0 0 0 0 0 0 0
Mask 0 0 0 188 193 236 257 0 0 0 0 0 0 0
Mask 0 0 0 342 1 378 35 0 0 0 0 0 0 0
Mask 0 0 0 390 9 419 41 0 0 0 0 0 0 0
Mask 0 0 0 419 47 448 80 0 0 0 0 0 0 0
Mask 0 0 0 445 1 474 33 0 0 0 0 0 0 0
Mask 0 0 0 597 1 626 33 0 0 0 0 0 0 0
Mask 0 0 0 658 53 692 99 0 0 0 0 0 0 0
Mask 0 0 0 680 187 763 289 0 0 0 0 0 0 0
