Mask 0 0 0 607 114 657 185 0 0 0 0 0 0 0
No-Mask 0 0 0 708 72 739 110 0 0 0 0 0 0 0
Mask 0 0 0 305 263 364 339 0 0 0 0 0 0 0
Mask 0 0 0 385 149 437 224 0 0 0 0 0 0 0
Mask 0 0 0 209 68 252 123 0 0 0 0 0 0 0
Mask 0 0 0 501 119 556 188 0 0 0 0 0 0 0
Mask 0 0 0 528 43 553 80 0 0 0 0 0 0 0
Mask 0 0 0 521 203 579 286 0 0 0 0 0 0 0
Mask 0 0 0 128 312 201 403 0 0 0 0 0 0 0
Mask 0 0 0 622 58 650 94 0 0 0 0 0 0 0
Mask 0 0 0 766 75 801 123 0 0 0 0 0 0 0
Mask 0 0 0 798 17 836 62 0 0 0 0 0 0 0
Mask 0 0 0 240 48 276 98 0 0 0 0 0 0 0
