Mask 0 0 0 6 494 75 544 0 0 0 0 0 0 0
Mask 0 0 0 83 429 151 502 0 0 0 0 0 0 0
No-Mask 0 0 0 67 236 115 287 0 0 0 0 0 0 0
Mask 0 0 0 230 243 277 303 0 0 0 0 0 0 0
Mask 0 0 0 223 96 278 146 0 0 0 0 0 0 0
Mask 0 0 0 58 149 102 207 0 0 0 0 0 0 0
Mask 0 0 0 7 130 37 177 0 0 0 0 0 0 0
Mask 0 0 0 506 458 575 527 0 0 0 0 0 0 0
Mask 0 0 0 467 414 529 468 0 0 0 0 0 0 0
Mask 0 0 0 449 197 509 256 0 0 0 0 0 0 0
Mask 0 0 0 434 97 492 146 0 0 0 0 0 0 0
Mask 0 0 0 442 16 495 57 0 0 0 0 0 0 0
Mask 0 0 0 609 91 662 152 0 0 0 0 0 0 0
Mask 0 0 0 590 238 641 294 0 0 0 0 0 0 0
Mask 0 0 0 690 89 747 152 0 0 0 0 0 0 0
Mask 0 0 0 762 52 817 99 0 0 0 0 0 0 0
Mask 0 0 0 828 146 893 201 0 0 0 0 0 0 0
Mask 0 0 0 867 345 927 401 0 0 0 0 0 0 0
