Mask 0 0 0 66 270 142 369 0 0 0 0 0 0 0
Mask 0 0 0 36 106 97 185 0 0 0 0 0 0 0
Mask 0 0 0 103 26 159 108 0 0 0 0 0 0 0
Mask 0 0 0 185 232 248 327 0 0 0 0 0 0 0
Mask 0 0 0 132 187 186 261 0 0 0 0 0 0 0
Mask 0 0 0 291 270 349 378 0 0 0 0 0 0 0
Mask 0 0 0 217 476 308 544 0 0 0 0 0 0 0
Mask 0 0 0 357 436 463 544 0 0 0 0 0 0 0
Mask 0 0 0 370 149 439 243 0 0 0 0 0 0 0
Mask 0 0 0 299 93 359 173 0 0 0 0 0 0 0
Mask 0 0 0 495 169 552 246 0 0 0 0 0 0 0
Mask 0 0 0 516 383 594 471 0 0 0 0 0 0 0
Mask 0 0 0 574 272 634 368 0 0 0 0 0 0 0
Mask 0 0 0 549 134 612 223 0 0 0 0 0 0 0
Mask 0 0 0 610 33 662 106 0 0 0 0 0 0 0
No-Mask 0 0 0 492 26 538 79 0 0 0 0 0 0 0
Mask 0 0 0 708 188 764 267 0 0 0 0 0 0 0
Mask 0 0 0 732 316 818 427 0 0 0 0 0 0 0
Mask 0 0 0 796 313 851 398 0 0 0 0 0 0 0
Mask 0 0 0 894 199 960 301 0 0 0 0 0 0 0
Mask 0 0 0 859 70 919 152 0 0 0 0 0 0 0
Mask 0 0 0 881 8 932 56 0 0 0 0 0 0 0
Mask 0 0 0 783 161 848 237 0 0 0 0 0 0 0
Mask 0 0 0 913 425 959 544 0 0 0 0 0 0 0
