Mask 0 0 0 584 307 701 409 0 0 0 0 0 0 0
Mask 0 0 0 708 251 834 357 0 0 0 0 0 0 0
Mask 0 0 0 876 219 933 276 0 0 0 0 0 0 0
Mask 0 0 0 763 117 827 164 0 0 0 0 0 0 0
Mask 0 0 0 877 102 910 139 0 0 0 0 0 0 0
Mask 0 0 0 621 168 697 229 0 0 0 0 0 0 0
Mask 0 0 0 586 87 627 129 0 0 0 0 0 0 0
Mask 0 0 0 506 215 576 276 0 0 0 0 0 0 0
Mask 0 0 0 319 215 389 282 0 0 0 0 0 0 0
Mask 0 0 0 460 176 517 219 0 0 0 0 0 0 0
Mask 0 0 0 212 208 271 249 0 0 0 0 0 0 0
Mask 0 0 0 79 255 149 319 0 0 0 0 0 0 0
Mask 0 0 0 23 186 76 229 0 0 0 0 0 0 0
Mask 0 0 0 203 102 257 140 0 0 0 0 0 0 0
Mask 0 0 0 319 72 369 113 0 0 0 0 0 0 0
Mask 0 0 0 445 103 473 135 0 0 0 0 0 0 0
Mask 0 0 0 495 123 528 156 0 0 0 0 0 0 0
Mask 0 0 0 109 74 164 114 0 0 0 0 0 0 0
