Mask 0 0 0 5 109 58 153 0 0 0 0 0 0 0
Mask 0 0 0 70 137 101 167 0 0 0 0 0 0 0
Mask 0 0 0 216 107 248 141 0 0 0 0 0 0 0
Mask 0 0 0 271 102 319 149 0 0 0 0 0 0 0
Mask 0 0 0 318 118 346 145 0 0 0 0 0 0 0
Mask 0 0 0 361 136 397 167 0 0 0 0 0 0 0
Mask 0 0 0 432 136 467 165 0 0 0 0 0 0 0
Mask 0 0 0 520 153 570 191 0 0 0 0 0 0 0
Mask 0 0 0 570 101 613 136 0 0 0 0 0 0 0
Mask 0 0 0 672 115 702 144 0 0 0 0 0 0 0
Mask 0 0 0 703 109 744 147 0 0 0 0 0 0 0
Mask 0 0 0 774 160 821 198 0 0 0 0 0 0 0
Mask 0 0 0 848 125 890 168 0 0 0 0 0 0 0
Mask 0 0 0 398 134 418 153 0 0 0 0 0 0 0
