Mask 0 0 0 349 104 417 173 0 0 0 0 0 0 0
Mask 0 0 0 491 186 546 245 0 0 0 0 0 0 0
Mask 0 0 0 215 425 341 544 0 0 0 0 0 0 0
Mask 0 0 0 458 472 574 544 0 0 0 0 0 0 0
Mask 0 0 0 779 81 834 139 0 0 0 0 0 0 0
Mask 0 0 0 589 56 650 111 0 0 0 0 0 0 0
Mask 0 0 0 667 51 725 122 0 0 0 0 0 0 0
Mask 0 0 0 463 104 523 173 0 0 0 0 0 0 0
Mask 0 0 0 495 5 520 47 0 0 0 0 0 0 0
Mask 0 0 0 372 25 415 71 0 0 0 0 0 0 0
Mask 0 0 0 246 1 275 36 0 0 0 0 0 0 0
Mask 0 0 0 132 27 175 69 0 0 0 0 0 0 0
Mask 0 0 0 26 48 73 86 0 0 0 0 0 0 0
Mask 0 0 0 182 13 213 47 0 0 0 0 0 0 0
Mask 0 0 0 737 1 777 44 0 0 0 0 0 0 0
No-Mask 0 0 0 203 45 238 88 0 0 0 0 0 0 0
