Mask 0 0 0 58 427 116 474 0 0 0 0 0 0 0
Mask 0 0 0 184 427 240 474 0 0 0 0 0 0 0
Mask 0 0 0 292 444 346 490 0 0 0 0 0 0 0
Mask 0 0 0 452 468 518 514 0 0 0 0 0 0 0
Mask 0 0 0 734 398 793 439 0 0 0 0 0 0 0
Mask 0 0 0 889 442 942 470 0 0 0 0 0 0 0
Mask 0 0 0 611 339 667 381 0 0 0 0 0 0 0
Mask 0 0 0 794 260 840 294 0 0 0 0 0 0 0
Mask 0 0 0 925 293 958 327 0 0 0 0 0 0 0
Mask 0 0 0 674 260 709 289 0 0 0 0 0 0 0
Mask 0 0 0 496 351 550 390 0 0 0 0 0 0 0
Mask 0 0 0 367 334 419 371 0 0 0 0 0 0 0
Mask 0 0 0 203 300 232 342 0 0 0 0 0 0 0
Mask 0 0 0 156 292 209 335 0 0 0 0 0 0 0
Mask 0 0 0 92 292 142 332 0 0 0 0 0 0 0
Mask 0 0 0 1 277 25 316 0 0 0 0 0 0 0
Mask 0 0 0 1 202 40 227 0 0 0 0 0 0 0
Mask 0 0 0 104 197 148 230 0 0 0 0 0 0 0
Mask 0 0 0 234 219 272 250 0 0 0 0 0 0 0
Mask 0 0 0 310 214 353 246 0 0 0 0 0 0 0
Mask 0 0 0 427 246 476 279 0 0 0 0 0 0 0
Mask 0 0 0 526 254 572 287 0 0 0 0 0 0 0
Mask 0 0 0 907 177 948 210 0 0 0 0 0 0 0
Mask 0 0 0 769 158 797 190 0 0 0 0 0 0 0
Mask 0 0 0 676 150 714 185 0 0 0 0 0 0 0
Mask 0 0 0 604 153 647 180 0 0 0 0 0 0 0
Mask 0 0 0 498 121 536 154 0 0 0 0 0 0 0
Mask 0 0 0 449 124 481 158 0 0 0 0 0 0 0
Mask 0 0 0 343 102 376 134 0 0 0 0 0 0 0
Mask 0 0 0 265 112 298 141 0 0 0 0 0 0 0
Mask 0 0 0 158 98 188 126 0 0 0 0 0 0 0
Mask 0 0 0 65 93 102 128 0 0 0 0 0 0 0
Mask 0 0 0 1 90 37 121 0 0 0 0 0 0 0
Mask 0 0 0 4 41 32 66 0 0 0 0 0 0 0
Mask 0 0 0 102 45 124 71 0 0 0 0 0 0 0
Mask 0 0 0 184 63 216 92 0 0 0 0 0 0 0
Mask 0 0 0 307 65 335 95 0 0 0 0 0 0 0
Mask 0 0 0 452 51 479 81 0 0 0 0 0 0 0
Mask 0 0 0 535 67 569 100 0 0 0 0 0 0 0
Mask 0 0 0 652 83 686 115 0 0 0 0 0 0 0
Mask 0 0 0 739 70 776 105 0 0 0 0 0 0 0
Mask 0 0 0 848 91 883 121 0 0 0 0 0 0 0
Mask 0 0 0 935 99 960 131 0 0 0 0 0 0 0
Mask 0 0 0 769 21 799 47 0 0 0 0 0 0 0
Mask 0 0 0 695 24 730 53 0 0 0 0 0 0 0
Mask 0 0 0 601 20 632 50 0 0 0 0 0 0 0
Mask 0 0 0 563 1 587 23 0 0 0 0 0 0 0
Mask 0 0 0 479 20 511 44 0 0 0 0 0 0 0
Mask 0 0 0 414 23 446 44 0 0 0 0 0 0 0
Mask 0 0 0 349 14 382 39 0 0 0 0 0 0 0
Mask 0 0 0 264 5 300 31 0 0 0 0 0 0 0
Mask 0 0 0 157 19 181 40 0 0 0 0 0 0 0
Mask 0 0 0 96 1 119 26 0 0 0 0 0 0 0
