Mask 0 0 0 1 245 41 288 0 0 0 0 0 0 0
Mask 0 0 0 62 228 106 266 0 0 0 0 0 0 0
Mask 0 0 0 161 227 207 267 0 0 0 0 0 0 0
Mask 0 0 0 254 215 295 249 0 0 0 0 0 0 0
Mask 0 0 0 312 222 356 267 0 0 0 0 0 0 0
Mask 0 0 0 442 234 486 275 0 0 0 0 0 0 0
Mask 0 0 0 470 209 497 255 0 0 0 0 0 0 0
Mask 0 0 0 577 226 601 252 0 0 0 0 0 0 0
Mask 0 0 0 640 154 688 205 0 0 0 0 0 0 0
Mask 0 0 0 807 169 863 217 0 0 0 0 0 0 0
Mask 0 0 0 944 186 960 226 0 0 0 0 0 0 0
Mask 0 0 0 867 183 912 225 0 0 0 0 0 0 0
No-Mask 0 0 0 596 223 629 263 0 0 0 0 0 0 0
No-Mask 0 0 0 367 248 409 288 0 0 0 0 0 0 0
No-Mask 0 0 0 227 232 272 278 0 0 0 0 0 0 0
