No-Mask 0 0 0 555 156 594 197 0 0 0 0 0 0 0
Mask 0 0 0 347 234 427 321 0 0 0 0 0 0 0
No-Mask 0 0 0 276 187 322 240 0 0 0 0 0 0 0
Mask 0 0 0 460 243 565 379 0 0 0 0 0 0 0
Mask 0 0 0 846 211 906 278 0 0 0 0 0 0 0
No-Mask 0 0 0 773 175 820 219 0 0 0 0 0 0 0
No-Mask 0 0 0 910 178 950 218 0 0 0 0 0 0 0
Mask 0 0 0 710 201 755 250 0 0 0 0 0 0 0
Mask 0 0 0 710 160 756 193 0 0 0 0 0 0 0
Mask 0 0 0 81 254 192 393 0 0 0 0 0 0 0
Mask 0 0 0 612 215 672 271 0 0 0 0 0 0 0
Mask 0 0 0 175 184 239 248 0 0 0 0 0 0 0
