Mask 0 0 0 4 289 85 356 0 0 0 0 0 0 0
Mask 0 0 0 64 217 101 249 0 0 0 0 0 0 0
Mask 0 0 0 105 203 130 226 0 0 0 0 0 0 0
Mask 0 0 0 153 182 176 199 0 0 0 0 0 0 0
Mask 0 0 0 11 190 33 204 0 0 0 0 0 0 0
Mask 0 0 0 172 222 208 246 0 0 0 0 0 0 0
Mask 0 0 0 213 186 240 207 0 0 0 0 0 0 0
Mask 0 0 0 220 244 330 332 0 0 0 0 0 0 0
Mask 0 0 0 268 186 293 201 0 0 0 0 0 0 0
Mask 0 0 0 355 195 370 206 0 0 0 0 0 0 0
Mask 0 0 0 372 204 398 222 0 0 0 0 0 0 0
Mask 0 0 0 404 232 446 264 0 0 0 0 0 0 0
Mask 0 0 0 491 219 550 266 0 0 0 0 0 0 0
Mask 0 0 0 477 206 499 231 0 0 0 0 0 0 0
Mask 0 0 0 420 202 437 214 0 0 0 0 0 0 0
Mask 0 0 0 548 184 574 200 0 0 0 0 0 0 0
Mask 0 0 0 661 207 686 223 0 0 0 0 0 0 0
Mask 0 0 0 665 182 680 195 0 0 0 0 0 0 0
Mask 0 0 0 706 232 730 249 0 0 0 0 0 0 0
Mask 0 0 0 691 193 708 202 0 0 0 0 0 0 0
Mask 0 0 0 735 210 755 225 0 0 0 0 0 0 0
Mask 0 0 0 769 226 816 261 0 0 0 0 0 0 0
Mask 0 0 0 845 210 868 228 0 0 0 0 0 0 0
Mask 0 0 0 939 233 960 270 0 0 0 0 0 0 0
Mask 0 0 0 908 202 938 220 0 0 0 0 0 0 0
No-Mask 0 0 0 516 185 528 196 0 0 0 0 0 0 0
