Mask 0 0 0 322 30 370 84 0 0 0 0 0 0 0
Mask 0 0 0 769 81 821 140 0 0 0 0 0 0 0
Mask 0 0 0 628 137 691 216 0 0 0 0 0 0 0
Mask 0 0 0 78 239 146 315 0 0 0 0 0 0 0
Mask 0 0 0 107 27 155 90 0 0 0 0 0 0 0
Mask 0 0 0 462 150 513 207 0 0 0 0 0 0 0
Mask 0 0 0 334 198 386 279 0 0 0 0 0 0 0
Mask 0 0 0 214 187 266 241 0 0 0 0 0 0 0
Mask 0 0 0 22 155 76 219 0 0 0 0 0 0 0
Mask 0 0 0 194 59 253 116 0 0 0 0 0 0 0
Mask 0 0 0 585 52 626 99 0 0 0 0 0 0 0
Mask 0 0 0 506 190 566 271 0 0 0 0 0 0 0
Mask 0 0 0 586 282 698 429 0 0 0 0 0 0 0
Mask 0 0 0 704 210 832 361 0 0 0 0 0 0 0
Mask 0 0 0 882 198 930 272 0 0 0 0 0 0 0
