Mask 0 0 0 606 117 662 178 0 0 0 0 0 0 0
Mask 0 0 0 823 158 893 217 0 0 0 0 0 0 0
Mask 0 0 0 262 1 317 56 0 0 0 0 0 0 0
Mask 0 0 0 692 107 751 176 0 0 0 0 0 0 0
Mask 0 0 0 766 78 814 131 0 0 0 0 0 0 0
Mask 0 0 0 7 472 76 542 0 0 0 0 0 0 0
Mask 0 0 0 514 440 576 516 0 0 0 0 0 0 0
Mask 0 0 0 226 113 274 171 0 0 0 0 0 0 0
Mask 0 0 0 770 14 810 62 0 0 0 0 0 0 0
Mask 0 0 0 70 247 120 301 0 0 0 0 0 0 0
Mask 0 0 0 466 397 534 464 0 0 0 0 0 0 0
Mask 0 0 0 234 252 300 321 0 0 0 0 0 0 0
Mask 0 0 0 46 167 101 233 0 0 0 0 0 0 0
Mask 0 0 0 86 415 147 492 0 0 0 0 0 0 0
Mask 0 0 0 434 118 494 179 0 0 0 0 0 0 0
Mask 0 0 0 3 141 54 201 0 0 0 0 0 0 0
Mask 0 0 0 444 45 508 98 0 0 0 0 0 0 0
Mask 0 0 0 862 321 928 403 0 0 0 0 0 0 0
Mask 0 0 0 451 203 505 275 0 0 0 0 0 0 0
Mask 0 0 0 589 252 641 313 0 0 0 0 0 0 0
No-Mask 0 0 0 50 1 100 39 0 0 0 0 0 0 0
