Mask 0 0 0 111 191 137 217 0 0 0 0 0 0 0
No-Mask 0 0 0 408 189 438 219 0 0 0 0 0 0 0
No-Mask 0 0 0 187 111 205 131 0 0 0 0 0 0 0
Mask 0 0 0 51 187 88 217 0 0 0 0 0 0 0
No-Mask 0 0 0 607 206 641 247 0 0 0 0 0 0 0
Mask 0 0 0 684 244 747 316 0 0 0 0 0 0 0
Mask 0 0 0 336 173 358 195 0 0 0 0 0 0 0
Mask 0 0 0 861 344 930 415 0 0 0 0 0 0 0
No-Mask 0 0 0 286 169 305 187 0 0 0 0 0 0 0
Mask 0 0 0 132 150 151 170 0 0 0 0 0 0 0
Mask 0 0 0 357 300 405 354 0 0 0 0 0 0 0
Mask 0 0 0 290 250 332 297 0 0 0 0 0 0 0
Mask 0 0 0 143 212 180 251 0 0 0 0 0 0 0
Mask 0 0 0 794 449 875 527 0 0 0 0 0 0 0
Mask 0 0 0 229 145 244 162 0 0 0 0 0 0 0
Mask 0 0 0 161 185 188 212 0 0 0 0 0 0 0
No-Mask 0 0 0 379 164 400 186 0 0 0 0 0 0 0
Mask 0 0 0 503 192 527 218 0 0 0 0 0 0 0
Mask 0 0 0 100 108 129 127 0 0 0 0 0 0 0
No-Mask 0 0 0 455 163 481 190 0 0 0 0 0 0 0
No-Mask 0 0 0 691 193 732 234 0 0 0 0 0 0 0
Mask 0 0 0 507 226 553 286 0 0 0 0 0 0 0
Mask 0 0 0 117 245 166 292 0 0 0 0 0 0 0
Mask 0 0 0 143 46 163 68 0 0 0 0 0 0 0
Mask 0 0 0 803 225 865 284 0 0 0 0 0 0 0
Mask 0 0 0 862 175 898 217 0 0 0 0 0 0 0
