Mask 0 0 0 172 142 215 176 0 0 0 0 0 0 0
Mask 0 0 0 286 140 329 176 0 0 0 0 0 0 0
Mask 0 0 0 390 151 443 193 0 0 0 0 0 0 0
Mask 0 0 0 84 139 109 164 0 0 0 0 0 0 0
Mask 0 0 0 287 110 317 136 0 0 0 0 0 0 0
Mask 0 0 0 225 117 245 138 0 0 0 0 0 0 0
Mask 0 0 0 367 121 411 162 0 0 0 0 0 0 0
Mask 0 0 0 804 139 848 175 0 0 0 0 0 0 0
Mask 0 0 0 654 116 696 150 0 0 0 0 0 0 0
Mask 0 0 0 557 121 597 157 0 0 0 0 0 0 0
No-Mask 0 0 0 715 122 750 168 0 0 0 0 0 0 0
Mask 0 0 0 849 107 877 135 0 0 0 0 0 0 0
Mask 0 0 0 89 164 107 195 0 0 0 0 0 0 0
