No-Mask 0 0 0 488 144 537 185 0 0 0 0 0 0 0
Mask 0 0 0 363 218 440 281 0 0 0 0 0 0 0
Mask 0 0 0 731 331 812 394 0 0 0 0 0 0 0
Mask 0 0 0 277 291 355 360 0 0 0 0 0 0 0
Mask 0 0 0 875 126 933 170 0 0 0 0 0 0 0
Mask 0 0 0 162 272 244 344 0 0 0 0 0 0 0
Mask 0 0 0 224 424 307 481 0 0 0 0 0 0 0
Mask 0 0 0 883 236 960 323 0 0 0 0 0 0 0
Mask 0 0 0 95 140 158 197 0 0 0 0 0 0 0
Mask 0 0 0 31 189 96 251 0 0 0 0 0 0 0
Mask 0 0 0 360 392 459 481 0 0 0 0 0 0 0
Mask 0 0 0 278 178 350 247 0 0 0 0 0 0 0
Mask 0 0 0 477 224 551 293 0 0 0 0 0 0 0
Mask 0 0 0 542 207 611 275 0 0 0 0 0 0 0
Mask 0 0 0 707 249 761 306 0 0 0 0 0 0 0
Mask 0 0 0 222 112 271 158 0 0 0 0 0 0 0
Mask 0 0 0 66 292 139 367 0 0 0 0 0 0 0
Mask 0 0 0 788 226 851 285 0 0 0 0 0 0 0
Mask 0 0 0 393 107 447 160 0 0 0 0 0 0 0
Mask 0 0 0 608 146 661 199 0 0 0 0 0 0 0
Mask 0 0 0 766 442 879 542 0 0 0 0 0 0 0
Mask 0 0 0 881 379 960 484 0 0 0 0 0 0 0
Mask 0 0 0 499 348 597 436 0 0 0 0 0 0 0
Mask 0 0 0 578 286 634 364 0 0 0 0 0 0 0
Mask 0 0 0 846 167 916 229 0 0 0 0 0 0 0
