Mask 0 0 0 16 456 119 544 0 0 0 0 0 0 0
Mask 0 0 0 154 404 221 464 0 0 0 0 0 0 0
Mask 0 0 0 230 342 354 466 0 0 0 0 0 0 0
Mask 0 0 0 438 290 512 380 0 0 0 0 0 0 0
Mask 0 0 0 288 113 331 153 0 0 0 0 0 0 0
Mask 0 0 0 367 47 402 78 0 0 0 0 0 0 0
Mask 0 0 0 390 117 424 154 0 0 0 0 0 0 0
Mask 0 0 0 466 65 493 89 0 0 0 0 0 0 0
Mask 0 0 0 552 68 587 101 0 0 0 0 0 0 0
Mask 0 0 0 526 186 562 223 0 0 0 0 0 0 0
Mask 0 0 0 616 264 714 351 0 0 0 0 0 0 0
Mask 0 0 0 710 90 744 120 0 0 0 0 0 0 0
No-Mask 0 0 0 797 171 833 203 0 0 0 0 0 0 0
No-Mask 0 0 0 622 94 656 126 0 0 0 0 0 0 0
No-Mask 0 0 0 407 228 454 270 0 0 0 0 0 0 0
