Mask 0 0 0 15 142 48 189 0 0 0 0 0 0 0
Mask 0 0 0 86 128 132 176 0 0 0 0 0 0 0
Mask 0 0 0 231 321 265 355 0 0 0 0 0 0 0
Mask 0 0 0 275 217 311 260 0 0 0 0 0 0 0
Mask 0 0 0 318 181 352 215 0 0 0 0 0 0 0
Mask 0 0 0 381 206 421 240 0 0 0 0 0 0 0
Mask 0 0 0 432 207 464 238 0 0 0 0 0 0 0
Mask 0 0 0 533 188 564 224 0 0 0 0 0 0 0
Mask 0 0 0 596 196 629 232 0 0 0 0 0 0 0
Mask 0 0 0 678 163 710 197 0 0 0 0 0 0 0
No-Mask 0 0 0 194 163 229 206 0 0 0 0 0 0 0
No-Mask 0 0 0 287 179 315 206 0 0 0 0 0 0 0
No-Mask 0 0 0 496 194 526 231 0 0 0 0 0 0 0
No-Mask 0 0 0 361 183 396 220 0 0 0 0 0 0 0
