Mask 0 0 0 711 353 806 437 0 0 0 0 0 0 0
No-Mask 0 0 0 764 253 838 316 0 0 0 0 0 0 0
No-Mask 0 0 0 392 273 467 335 0 0 0 0 0 0 0
Mask 0 0 0 451 340 549 419 0 0 0 0 0 0 0
Mask 0 0 0 891 274 948 322 0 0 0 0 0 0 0
Mask 0 0 0 139 301 220 383 0 0 0 0 0 0 0
Mask 0 0 0 46 251 101 301 0 0 0 0 0 0 0
Mask 0 0 0 234 290 277 345 0 0 0 0 0 0 0
Mask 0 0 0 313 268 363 311 0 0 0 0 0 0 0
Mask 0 0 0 348 237 403 297 0 0 0 0 0 0 0
Mask 0 0 0 469 240 527 290 0 0 0 0 0 0 0
Mask 0 0 0 525 245 564 284 0 0 0 0 0 0 0
Mask 0 0 0 575 199 604 229 0 0 0 0 0 0 0
Mask 0 0 0 678 180 718 210 0 0 0 0 0 0 0
No-Mask 0 0 0 268 248 306 288 0 0 0 0 0 0 0
Mask 0 0 0 101 210 133 238 0 0 0 0 0 0 0
Mask 0 0 0 337 192 380 229 0 0 0 0 0 0 0
No-Mask 0 0 0 438 171 470 198 0 0 0 0 0 0 0
Mask 0 0 0 489 163 502 182 0 0 0 0 0 0 0
Mask 0 0 0 609 159 625 178 0 0 0 0 0 0 0
Mask 0 0 0 396 171 418 192 0 0 0 0 0 0 0
Mask 0 0 0 234 155 252 170 0 0 0 0 0 0 0
Mask 0 0 0 640 189 675 215 0 0 0 0 0 0 0
Mask 0 0 0 540 218 570 247 0 0 0 0 0 0 0
Mask 0 0 0 867 160 887 182 0 0 0 0 0 0 0
Mask 0 0 0 909 155 930 178 0 0 0 0 0 0 0
Mask 0 0 0 741 181 759 198 0 0 0 0 0 0 0
Mask 0 0 0 891 155 908 174 0 0 0 0 0 0 0
