Mask 0 0 0 343 222 398 286 0 0 0 0 0 0 0
Mask 0 0 0 329 123 405 162 0 0 0 0 0 0 0
Mask 0 0 0 592 325 650 410 0 0 0 0 0 0 0
Mask 0 0 0 537 253 575 325 0 0 0 0 0 0 0
Mask 0 0 0 655 130 680 156 0 0 0 0 0 0 0
No-Mask 0 0 0 71 120 91 140 0 0 0 0 0 0 0
No-Mask 0 0 0 475 103 502 134 0 0 0 0 0 0 0
No-Mask 0 0 0 714 94 733 124 0 0 0 0 0 0 0
No-Mask 0 0 0 536 199 573 233 0 0 0 0 0 0 0
Mask 0 0 0 845 175 869 197 0 0 0 0 0 0 0
No-Mask 0 0 0 878 182 915 220 0 0 0 0 0 0 0
No-Mask 0 0 0 889 242 915 296 0 0 0 0 0 0 0
No-Mask 0 0 0 912 183 942 211 0 0 0 0 0 0 0
