Mask 0 0 0 6 269 28 293 0 0 0 0 0 0 0
Mask 0 0 0 62 428 84 448 0 0 0 0 0 0 0
Mask 0 0 0 60 258 84 281 0 0 0 0 0 0 0
Mask 0 0 0 121 261 145 290 0 0 0 0 0 0 0
No-Mask 0 0 0 102 330 126 358 0 0 0 0 0 0 0
No-Mask 0 0 0 150 377 170 401 0 0 0 0 0 0 0
Mask 0 0 0 118 191 141 217 0 0 0 0 0 0 0
Mask 0 0 0 172 197 184 222 0 0 0 0 0 0 0
No-Mask 0 0 0 130 137 152 159 0 0 0 0 0 0 0
Mask 0 0 0 80 74 97 95 0 0 0 0 0 0 0
Mask 0 0 0 250 359 277 390 0 0 0 0 0 0 0
Mask 0 0 0 310 472 342 505 0 0 0 0 0 0 0
Mask 0 0 0 279 325 304 354 0 0 0 0 0 0 0
No-Mask 0 0 0 278 253 296 274 0 0 0 0 0 0 0
Mask 0 0 0 256 214 276 238 0 0 0 0 0 0 0
Mask 0 0 0 348 255 368 280 0 0 0 0 0 0 0
Mask 0 0 0 364 367 392 396 0 0 0 0 0 0 0
Mask 0 0 0 398 427 426 460 0 0 0 0 0 0 0
Mask 0 0 0 368 420 397 453 0 0 0 0 0 0 0
Mask 0 0 0 454 488 472 512 0 0 0 0 0 0 0
Mask 0 0 0 460 343 487 374 0 0 0 0 0 0 0
Mask 0 0 0 441 319 472 339 0 0 0 0 0 0 0
Mask 0 0 0 422 235 446 260 0 0 0 0 0 0 0
Mask 0 0 0 334 192 358 216 0 0 0 0 0 0 0
Mask 0 0 0 212 133 234 152 0 0 0 0 0 0 0
No-Mask 0 0 0 203 109 222 132 0 0 0 0 0 0 0
No-Mask 0 0 0 256 136 278 160 0 0 0 0 0 0 0
No-Mask 0 0 0 292 123 311 145 0 0 0 0 0 0 0
Mask 0 0 0 358 139 379 162 0 0 0 0 0 0 0
Mask 0 0 0 336 102 360 125 0 0 0 0 0 0 0
Mask 0 0 0 258 36 274 55 0 0 0 0 0 0 0
Mask 0 0 0 294 19 310 38 0 0 0 0 0 0 0
Mask 0 0 0 318 82 336 99 0 0 0 0 0 0 0
Mask 0 0 0 390 79 409 97 0 0 0 0 0 0 0
Mask 0 0 0 236 103 254 122 0 0 0 0 0 0 0
Mask 0 0 0 410 194 434 216 0 0 0 0 0 0 0
Mask 0 0 0 446 161 466 186 0 0 0 0 0 0 0
Mask 0 0 0 477 188 498 213 0 0 0 0 0 0 0
Mask 0 0 0 488 253 508 275 0 0 0 0 0 0 0
Mask 0 0 0 592 463 622 494 0 0 0 0 0 0 0
Mask 0 0 0 633 511 667 542 0 0 0 0 0 0 0
Mask 0 0 0 586 300 612 323 0 0 0 0 0 0 0
Mask 0 0 0 595 211 618 232 0 0 0 0 0 0 0
Mask 0 0 0 528 196 552 222 0 0 0 0 0 0 0
Mask 0 0 0 549 180 568 198 0 0 0 0 0 0 0
Mask 0 0 0 554 145 573 164 0 0 0 0 0 0 0
Mask 0 0 0 500 104 518 121 0 0 0 0 0 0 0
Mask 0 0 0 311 2 324 18 0 0 0 0 0 0 0
No-Mask 0 0 0 398 19 410 34 0 0 0 0 0 0 0
Mask 0 0 0 424 8 442 28 0 0 0 0 0 0 0
Mask 0 0 0 490 33 506 52 0 0 0 0 0 0 0
Mask 0 0 0 535 9 550 26 0 0 0 0 0 0 0
Mask 0 0 0 617 66 636 86 0 0 0 0 0 0 0
No-Mask 0 0 0 640 54 656 70 0 0 0 0 0 0 0
Mask 0 0 0 628 145 646 163 0 0 0 0 0 0 0
Mask 0 0 0 663 205 682 225 0 0 0 0 0 0 0
Mask 0 0 0 688 320 717 349 0 0 0 0 0 0 0
Mask 0 0 0 688 232 710 256 0 0 0 0 0 0 0
Mask 0 0 0 709 257 734 281 0 0 0 0 0 0 0
Mask 0 0 0 724 216 745 240 0 0 0 0 0 0 0
Mask 0 0 0 720 307 741 332 0 0 0 0 0 0 0
Mask 0 0 0 674 32 687 49 0 0 0 0 0 0 0
Mask 0 0 0 635 1 652 18 0 0 0 0 0 0 0
Mask 0 0 0 700 1 710 18 0 0 0 0 0 0 0
Mask 0 0 0 732 11 746 29 0 0 0 0 0 0 0
No-Mask 0 0 0 733 34 748 51 0 0 0 0 0 0 0
No-Mask 0 0 0 706 78 722 95 0 0 0 0 0 0 0
Mask 0 0 0 768 102 788 124 0 0 0 0 0 0 0
Mask 0 0 0 822 54 840 71 0 0 0 0 0 0 0
No-Mask 0 0 0 835 1 848 17 0 0 0 0 0 0 0
Mask 0 0 0 865 52 883 70 0 0 0 0 0 0 0
Mask 0 0 0 850 90 869 110 0 0 0 0 0 0 0
Mask 0 0 0 844 131 864 154 0 0 0 0 0 0 0
Mask 0 0 0 814 149 832 170 0 0 0 0 0 0 0
Mask 0 0 0 865 159 886 181 0 0 0 0 0 0 0
Mask 0 0 0 908 129 920 144 0 0 0 0 0 0 0
Mask 0 0 0 876 194 898 219 0 0 0 0 0 0 0
Mask 0 0 0 906 239 930 260 0 0 0 0 0 0 0
Mask 0 0 0 920 157 938 181 0 0 0 0 0 0 0
Mask 0 0 0 818 35 830 50 0 0 0 0 0 0 0
Mask 0 0 0 939 355 960 384 0 0 0 0 0 0 0
Mask 0 0 0 938 307 960 332 0 0 0 0 0 0 0
Mask 0 0 0 892 268 912 288 0 0 0 0 0 0 0
