Mask 0 0 0 106 95 142 133 0 0 0 0 0 0 0
Mask 0 0 0 212 101 261 142 0 0 0 0 0 0 0
Mask 0 0 0 307 117 346 148 0 0 0 0 0 0 0
Mask 0 0 0 387 43 443 95 0 0 0 0 0 0 0
Mask 0 0 0 453 81 484 107 0 0 0 0 0 0 0
Mask 0 0 0 515 78 562 119 0 0 0 0 0 0 0
Mask 0 0 0 584 183 628 223 0 0 0 0 0 0 0
Mask 0 0 0 634 63 682 105 0 0 0 0 0 0 0
Mask 0 0 0 716 94 763 137 0 0 0 0 0 0 0
Mask 0 0 0 790 111 819 141 0 0 0 0 0 0 0
Mask 0 0 0 824 110 865 143 0 0 0 0 0 0 0
Mask 0 0 0 856 88 880 111 0 0 0 0 0 0 0
Mask 0 0 0 911 63 960 108 0 0 0 0 0 0 0
