Mask 0 0 0 473 276 569 359 0 0 0 0 0 0 0
Mask 0 0 0 20 233 39 251 0 0 0 0 0 0 0
Mask 0 0 0 118 251 126 269 0 0 0 0 0 0 0
Mask 0 0 0 223 248 235 264 0 0 0 0 0 0 0
Mask 0 0 0 250 241 271 259 0 0 0 0 0 0 0
Mask 0 0 0 354 250 368 270 0 0 0 0 0 0 0
No-Mask 0 0 0 322 234 344 255 0 0 0 0 0 0 0
Mask 0 0 0 406 235 423 255 0 0 0 0 0 0 0
Mask 0 0 0 463 238 482 259 0 0 0 0 0 0 0
Mask 0 0 0 619 244 634 264 0 0 0 0 0 0 0
Mask 0 0 0 662 237 671 254 0 0 0 0 0 0 0
Mask 0 0 0 700 251 713 268 0 0 0 0 0 0 0
Mask 0 0 0 828 176 844 188 0 0 0 0 0 0 0
Mask 0 0 0 896 241 904 255 0 0 0 0 0 0 0
No-Mask 0 0 0 842 237 859 255 0 0 0 0 0 0 0
Mask 0 0 0 845 209 861 224 0 0 0 0 0 0 0
