Mask 0 0 0 58 110 102 146 0 0 0 0 0 0 0
Mask 0 0 0 164 49 196 76 0 0 0 0 0 0 0
Mask 0 0 0 224 137 265 170 0 0 0 0 0 0 0
Mask 0 0 0 339 37 370 60 0 0 0 0 0 0 0
Mask 0 0 0 378 63 417 97 0 0 0 0 0 0 0
Mask 0 0 0 472 170 522 217 0 0 0 0 0 0 0
Mask 0 0 0 419 30 454 60 0 0 0 0 0 0 0
Mask 0 0 0 482 36 514 64 0 0 0 0 0 0 0
Mask 0 0 0 573 126 615 163 0 0 0 0 0 0 0
Mask 0 0 0 565 98 599 128 0 0 0 0 0 0 0
No-Mask 0 0 0 391 33 416 50 0 0 0 0 0 0 0
No-Mask 0 0 0 557 45 580 67 0 0 0 0 0 0 0
Mask 0 0 0 563 13 587 31 0 0 0 0 0 0 0
Mask 0 0 0 622 62 653 85 0 0 0 0 0 0 0
No-Mask 0 0 0 592 3 614 23 0 0 0 0 0 0 0
Mask 0 0 0 703 18 732 45 0 0 0 0 0 0 0
Mask 0 0 0 731 23 742 42 0 0 0 0 0 0 0
No-Mask 0 0 0 688 19 706 38 0 0 0 0 0 0 0
No-Mask 0 0 0 832 21 859 42 0 0 0 0 0 0 0
Mask 0 0 0 900 42 930 67 0 0 0 0 0 0 0
