No-Mask 0 0 0 105 478 149 515 0 0 0 0 0 0 0
No-Mask 0 0 0 9 352 48 387 0 0 0 0 0 0 0
No-Mask 0 0 0 126 355 163 391 0 0 0 0 0 0 0
No-Mask 0 0 0 26 297 58 329 0 0 0 0 0 0 0
No-Mask 0 0 0 137 273 179 308 0 0 0 0 0 0 0
No-Mask 0 0 0 38 222 73 255 0 0 0 0 0 0 0
No-Mask 0 0 0 140 229 174 252 0 0 0 0 0 0 0
No-Mask 0 0 0 178 196 211 224 0 0 0 0 0 0 0
No-Mask 0 0 0 47 144 78 172 0 0 0 0 0 0 0
No-Mask 0 0 0 81 120 106 143 0 0 0 0 0 0 0
No-Mask 0 0 0 186 126 219 157 0 0 0 0 0 0 0
No-Mask 0 0 0 99 51 129 77 0 0 0 0 0 0 0
No-Mask 0 0 0 184 57 216 87 0 0 0 0 0 0 0
No-Mask 0 0 0 204 23 233 49 0 0 0 0 0 0 0
No-Mask 0 0 0 371 57 388 79 0 0 0 0 0 0 0
Mask 0 0 0 442 48 462 72 0 0 0 0 0 0 0
Mask 0 0 0 485 41 507 64 0 0 0 0 0 0 0
No-Mask 0 0 0 422 66 450 90 0 0 0 0 0 0 0
No-Mask 0 0 0 427 98 452 122 0 0 0 0 0 0 0
Mask 0 0 0 406 153 434 176 0 0 0 0 0 0 0
No-Mask 0 0 0 445 179 465 205 0 0 0 0 0 0 0
No-Mask 0 0 0 425 207 446 233 0 0 0 0 0 0 0
No-Mask 0 0 0 423 253 453 282 0 0 0 0 0 0 0
No-Mask 0 0 0 397 303 433 333 0 0 0 0 0 0 0
No-Mask 0 0 0 433 346 464 371 0 0 0 0 0 0 0
No-Mask 0 0 0 440 447 473 468 0 0 0 0 0 0 0
No-Mask 0 0 0 452 490 492 526 0 0 0 0 0 0 0
No-Mask 0 0 0 436 487 451 512 0 0 0 0 0 0 0
Mask 0 0 0 487 229 517 256 0 0 0 0 0 0 0
No-Mask 0 0 0 514 249 548 282 0 0 0 0 0 0 0
No-Mask 0 0 0 523 199 555 228 0 0 0 0 0 0 0
No-Mask 0 0 0 501 197 525 223 0 0 0 0 0 0 0
No-Mask 0 0 0 496 103 513 124 0 0 0 0 0 0 0
No-Mask 0 0 0 510 113 538 139 0 0 0 0 0 0 0
No-Mask 0 0 0 545 47 571 73 0 0 0 0 0 0 0
No-Mask 0 0 0 551 124 579 149 0 0 0 0 0 0 0
No-Mask 0 0 0 599 121 623 142 0 0 0 0 0 0 0
No-Mask 0 0 0 597 176 629 203 0 0 0 0 0 0 0
No-Mask 0 0 0 577 276 605 297 0 0 0 0 0 0 0
No-Mask 0 0 0 526 350 553 381 0 0 0 0 0 0 0
No-Mask 0 0 0 557 377 592 410 0 0 0 0 0 0 0
No-Mask 0 0 0 601 376 633 407 0 0 0 0 0 0 0
No-Mask 0 0 0 607 284 640 316 0 0 0 0 0 0 0
No-Mask 0 0 0 599 497 627 531 0 0 0 0 0 0 0
No-Mask 0 0 0 580 73 606 95 0 0 0 0 0 0 0
No-Mask 0 0 0 622 58 640 78 0 0 0 0 0 0 0
No-Mask 0 0 0 611 31 634 48 0 0 0 0 0 0 0
No-Mask 0 0 0 676 44 696 63 0 0 0 0 0 0 0
No-Mask 0 0 0 650 63 674 80 0 0 0 0 0 0 0
No-Mask 0 0 0 677 85 704 106 0 0 0 0 0 0 0
No-Mask 0 0 0 662 139 694 163 0 0 0 0 0 0 0
No-Mask 0 0 0 694 127 706 152 0 0 0 0 0 0 0
No-Mask 0 0 0 656 193 688 215 0 0 0 0 0 0 0
No-Mask 0 0 0 685 216 717 244 0 0 0 0 0 0 0
No-Mask 0 0 0 717 223 733 246 0 0 0 0 0 0 0
No-Mask 0 0 0 697 276 729 304 0 0 0 0 0 0 0
No-Mask 0 0 0 688 353 723 377 0 0 0 0 0 0 0
No-Mask 0 0 0 721 424 755 453 0 0 0 0 0 0 0
No-Mask 0 0 0 743 468 765 487 0 0 0 0 0 0 0
No-Mask 0 0 0 753 514 787 544 0 0 0 0 0 0 0
No-Mask 0 0 0 721 48 737 63 0 0 0 0 0 0 0
