Mask 0 0 0 58 120 103 169 0 0 0 0 0 0 0
Mask 0 0 0 137 149 183 195 0 0 0 0 0 0 0
Mask 0 0 0 317 138 363 188 0 0 0 0 0 0 0
Mask 0 0 0 275 112 303 145 0 0 0 0 0 0 0
Mask 0 0 0 342 114 370 140 0 0 0 0 0 0 0
Mask 0 0 0 370 134 411 170 0 0 0 0 0 0 0
Mask 0 0 0 407 122 425 153 0 0 0 0 0 0 0
Mask 0 0 0 415 236 461 283 0 0 0 0 0 0 0
Mask 0 0 0 445 133 475 164 0 0 0 0 0 0 0
Mask 0 0 0 492 127 521 163 0 0 0 0 0 0 0
Mask 0 0 0 518 130 560 174 0 0 0 0 0 0 0
Mask 0 0 0 571 147 609 187 0 0 0 0 0 0 0
Mask 0 0 0 604 156 649 205 0 0 0 0 0 0 0
Mask 0 0 0 659 167 712 221 0 0 0 0 0 0 0
Mask 0 0 0 677 97 705 135 0 0 0 0 0 0 0
Mask 0 0 0 718 121 759 161 0 0 0 0 0 0 0
No-Mask 0 0 0 759 125 796 156 0 0 0 0 0 0 0
Mask 0 0 0 828 111 868 149 0 0 0 0 0 0 0
Mask 0 0 0 879 117 925 162 0 0 0 0 0 0 0
Mask 0 0 0 796 126 819 151 0 0 0 0 0 0 0
