Mask 0 0 0 7 449 72 512 0 0 0 0 0 0 0
Mask 0 0 0 89 397 152 457 0 0 0 0 0 0 0
No-Mask 0 0 0 70 241 113 280 0 0 0 0 0 0 0
Mask 0 0 0 62 169 99 217 0 0 0 0 0 0 0
Mask 0 0 0 7 154 42 194 0 0 0 0 0 0 0
No-Mask 0 0 0 55 4 101 47 0 0 0 0 0 0 0
Mask 0 0 0 260 18 311 63 0 0 0 0 0 0 0
Mask 0 0 0 223 127 275 166 0 0 0 0 0 0 0
Mask 0 0 0 231 246 276 295 0 0 0 0 0 0 0
Mask 0 0 0 325 477 393 533 0 0 0 0 0 0 0
Mask 0 0 0 467 385 529 429 0 0 0 0 0 0 0
Mask 0 0 0 509 422 577 477 0 0 0 0 0 0 0
Mask 0 0 0 450 210 505 259 0 0 0 0 0 0 0
Mask 0 0 0 434 127 494 174 0 0 0 0 0 0 0
Mask 0 0 0 443 61 498 101 0 0 0 0 0 0 0
Mask 0 0 0 592 246 639 291 0 0 0 0 0 0 0
Mask 0 0 0 609 124 659 173 0 0 0 0 0 0 0
Mask 0 0 0 690 121 745 172 0 0 0 0 0 0 0
Mask 0 0 0 863 330 929 371 0 0 0 0 0 0 0
Mask 0 0 0 828 166 887 211 0 0 0 0 0 0 0
Mask 0 0 0 767 90 812 130 0 0 0 0 0 0 0
Mask 0 0 0 766 32 809 66 0 0 0 0 0 0 0
