Mask 0 0 0 20 80 44 114 0 0 0 0 0 0 0
Mask 0 0 0 68 44 93 77 0 0 0 0 0 0 0
Mask 0 0 0 99 97 126 127 0 0 0 0 0 0 0
Mask 0 0 0 179 81 211 121 0 0 0 0 0 0 0
Mask 0 0 0 231 95 283 140 0 0 0 0 0 0 0
Mask 0 0 0 285 46 313 86 0 0 0 0 0 0 0
Mask 0 0 0 340 50 363 82 0 0 0 0 0 0 0
Mask 0 0 0 484 89 523 137 0 0 0 0 0 0 0
Mask 0 0 0 561 70 597 122 0 0 0 0 0 0 0
Mask 0 0 0 661 66 713 128 0 0 0 0 0 0 0
Mask 0 0 0 751 78 795 133 0 0 0 0 0 0 0
Mask 0 0 0 841 69 877 105 0 0 0 0 0 0 0
No-Mask 0 0 0 859 229 886 268 0 0 0 0 0 0 0
