Mask 0 0 0 149 205 225 284 0 0 0 0 0 0 0
No-Mask 0 0 0 308 254 443 415 0 0 0 0 0 0 0
Mask 0 0 0 58 154 117 218 0 0 0 0 0 0 0
No-Mask 0 0 0 187 155 238 205 0 0 0 0 0 0 0
Mask 0 0 0 246 121 295 164 0 0 0 0 0 0 0
Mask 0 0 0 306 107 365 154 0 0 0 0 0 0 0
Mask 0 0 0 386 134 433 178 0 0 0 0 0 0 0
Mask 0 0 0 426 165 482 224 0 0 0 0 0 0 0
Mask 0 0 0 492 178 557 224 0 0 0 0 0 0 0
No-Mask 0 0 0 428 75 462 113 0 0 0 0 0 0 0
Mask 0 0 0 354 42 376 65 0 0 0 0 0 0 0
Mask 0 0 0 436 32 458 56 0 0 0 0 0 0 0
Mask 0 0 0 605 207 693 291 0 0 0 0 0 0 0
Mask 0 0 0 108 88 142 133 0 0 0 0 0 0 0
Mask 0 0 0 233 81 277 118 0 0 0 0 0 0 0
Mask 0 0 0 546 23 561 40 0 0 0 0 0 0 0
Mask 0 0 0 733 440 799 544 0 0 0 0 0 0 0
Mask 0 0 0 765 248 848 342 0 0 0 0 0 0 0
Mask 0 0 0 760 128 825 184 0 0 0 0 0 0 0
Mask 0 0 0 767 207 802 257 0 0 0 0 0 0 0
Mask 0 0 0 726 87 768 142 0 0 0 0 0 0 0
Mask 0 0 0 818 76 851 113 0 0 0 0 0 0 0
