Mask 0 0 0 81 310 149 356 0 0 0 0 0 0 0
Mask 0 0 0 207 284 266 328 0 0 0 0 0 0 0
Mask 0 0 0 277 271 323 311 0 0 0 0 0 0 0
Mask 0 0 0 330 421 402 475 0 0 0 0 0 0 0
Mask 0 0 0 423 234 485 281 0 0 0 0 0 0 0
Mask 0 0 0 698 222 775 281 0 0 0 0 0 0 0
Mask 0 0 0 876 270 913 310 0 0 0 0 0 0 0
Mask 0 0 0 491 193 527 234 0 0 0 0 0 0 0
Mask 0 0 0 586 176 610 211 0 0 0 0 0 0 0
Mask 0 0 0 521 127 555 158 0 0 0 0 0 0 0
Mask 0 0 0 431 112 456 138 0 0 0 0 0 0 0
Mask 0 0 0 139 223 171 259 0 0 0 0 0 0 0
Mask 0 0 0 131 186 155 208 0 0 0 0 0 0 0
Mask 0 0 0 321 212 361 243 0 0 0 0 0 0 0
Mask 0 0 0 289 129 309 153 0 0 0 0 0 0 0
Mask 0 0 0 133 126 157 149 0 0 0 0 0 0 0
Mask 0 0 0 189 165 213 185 0 0 0 0 0 0 0
Mask 0 0 0 81 176 102 197 0 0 0 0 0 0 0
Mask 0 0 0 65 146 82 163 0 0 0 0 0 0 0
Mask 0 0 0 205 108 225 125 0 0 0 0 0 0 0
