Mask 0 0 0 155 141 206 182 0 0 0 0 0 0 0
Mask 0 0 0 355 118 418 174 0 0 0 0 0 0 0
Mask 0 0 0 523 121 577 168 0 0 0 0 0 0 0
No-Mask 0 0 0 697 125 748 165 0 0 0 0 0 0 0
No-Mask 0 0 0 889 139 938 176 0 0 0 0 0 0 0
No-Mask 0 0 0 911 35 943 60 0 0 0 0 0 0 0
No-Mask 0 0 0 602 12 618 34 0 0 0 0 0 0 0
No-Mask 0 0 0 543 21 557 38 0 0 0 0 0 0 0
No-Mask 0 0 0 781 61 793 76 0 0 0 0 0 0 0
No-Mask 0 0 0 708 62 722 74 0 0 0 0 0 0 0
No-Mask 0 0 0 672 57 686 70 0 0 0 0 0 0 0
Mask 0 0 0 411 47 428 63 0 0 0 0 0 0 0
No-Mask 0 0 0 346 60 361 71 0 0 0 0 0 0 0
No-Mask 0 0 0 198 48 214 61 0 0 0 0 0 0 0
No-Mask 0 0 0 138 47 156 65 0 0 0 0 0 0 0
No-Mask 0 0 0 60 44 73 60 0 0 0 0 0 0 0
No-Mask 0 0 0 3 43 22 58 0 0 0 0 0 0 0
