No-Mask 0 0 0 87 401 200 517 0 0 0 0 0 0 0
No-Mask 0 0 0 12 283 111 358 0 0 0 0 0 0 0
Mask 0 0 0 4 186 82 239 0 0 0 0 0 0 0
Mask 0 0 0 92 156 178 247 0 0 0 0 0 0 0
Mask 0 0 0 180 166 220 211 0 0 0 0 0 0 0
No-Mask 0 0 0 219 178 309 272 0 0 0 0 0 0 0
Mask 0 0 0 277 317 386 422 0 0 0 0 0 0 0
Mask 0 0 0 384 314 467 392 0 0 0 0 0 0 0
Mask 0 0 0 500 286 628 410 0 0 0 0 0 0 0
Mask 0 0 0 457 201 497 281 0 0 0 0 0 0 0
No-Mask 0 0 0 313 162 375 234 0 0 0 0 0 0 0
No-Mask 0 0 0 530 122 589 184 0 0 0 0 0 0 0
No-Mask 0 0 0 177 74 228 128 0 0 0 0 0 0 0
Mask 0 0 0 151 89 184 135 0 0 0 0 0 0 0
Mask 0 0 0 98 55 137 96 0 0 0 0 0 0 0
Mask 0 0 0 1 81 57 145 0 0 0 0 0 0 0
Mask 0 0 0 175 11 201 37 0 0 0 0 0 0 0
Mask 0 0 0 224 52 245 77 0 0 0 0 0 0 0
Mask 0 0 0 232 80 274 126 0 0 0 0 0 0 0
Mask 0 0 0 374 146 413 202 0 0 0 0 0 0 0
Mask 0 0 0 347 101 383 135 0 0 0 0 0 0 0
Mask 0 0 0 303 74 339 106 0 0 0 0 0 0 0
Mask 0 0 0 341 70 382 101 0 0 0 0 0 0 0
Mask 0 0 0 307 15 332 45 0 0 0 0 0 0 0
Mask 0 0 0 276 22 286 44 0 0 0 0 0 0 0
Mask 0 0 0 369 31 391 56 0 0 0 0 0 0 0
Mask 0 0 0 381 50 410 76 0 0 0 0 0 0 0
No-Mask 0 0 0 442 47 478 87 0 0 0 0 0 0 0
Mask 0 0 0 471 88 512 138 0 0 0 0 0 0 0
Mask 0 0 0 465 129 504 175 0 0 0 0 0 0 0
Mask 0 0 0 490 14 502 42 0 0 0 0 0 0 0
Mask 0 0 0 544 21 565 44 0 0 0 0 0 0 0
Mask 0 0 0 598 8 624 37 0 0 0 0 0 0 0
No-Mask 0 0 0 588 122 613 173 0 0 0 0 0 0 0
Mask 0 0 0 623 177 683 233 0 0 0 0 0 0 0
Mask 0 0 0 646 79 673 118 0 0 0 0 0 0 0
No-Mask 0 0 0 660 21 681 45 0 0 0 0 0 0 0
Mask 0 0 0 640 264 667 306 0 0 0 0 0 0 0
Mask 0 0 0 679 268 757 362 0 0 0 0 0 0 0
Mask 0 0 0 725 354 843 489 0 0 0 0 0 0 0
Mask 0 0 0 785 122 843 184 0 0 0 0 0 0 0
No-Mask 0 0 0 905 147 929 201 0 0 0 0 0 0 0
Mask 0 0 0 843 115 876 170 0 0 0 0 0 0 0
Mask 0 0 0 685 175 735 216 0 0 0 0 0 0 0
Mask 0 0 0 741 93 788 138 0 0 0 0 0 0 0
Mask 0 0 0 728 38 771 85 0 0 0 0 0 0 0
Mask 0 0 0 866 53 885 86 0 0 0 0 0 0 0
