Mask 0 0 0 60 140 113 188 0 0 0 0 0 0 0
Mask 0 0 0 306 124 356 170 0 0 0 0 0 0 0
Mask 0 0 0 304 318 402 426 0 0 0 0 0 0 0
Mask 0 0 0 351 223 434 295 0 0 0 0 0 0 0
Mask 0 0 0 498 122 527 155 0 0 0 0 0 0 0
Mask 0 0 0 548 195 635 279 0 0 0 0 0 0 0
Mask 0 0 0 647 146 690 187 0 0 0 0 0 0 0
Mask 0 0 0 714 219 769 271 0 0 0 0 0 0 0
Mask 0 0 0 736 130 786 175 0 0 0 0 0 0 0
Mask 0 0 0 801 242 912 332 0 0 0 0 0 0 0
Mask 0 0 0 875 100 911 132 0 0 0 0 0 0 0
Mask 0 0 0 820 100 858 135 0 0 0 0 0 0 0
Mask 0 0 0 1 301 54 364 0 0 0 0 0 0 0
