No-Mask 0 0 0 4 101 37 134 0 0 0 0 0 0 0
No-Mask 0 0 0 42 83 88 121 0 0 0 0 0 0 0
No-Mask 0 0 0 110 83 140 112 0 0 0 0 0 0 0
No-Mask 0 0 0 119 108 140 149 0 0 0 0 0 0 0
No-Mask 0 0 0 46 197 77 230 0 0 0 0 0 0 0
Mask 0 0 0 62 253 118 306 0 0 0 0 0 0 0
No-Mask 0 0 0 233 494 313 544 0 0 0 0 0 0 0
No-Mask 0 0 0 259 13 287 40 0 0 0 0 0 0 0
No-Mask 0 0 0 265 70 305 108 0 0 0 0 0 0 0
No-Mask 0 0 0 319 92 350 131 0 0 0 0 0 0 0
No-Mask 0 0 0 352 100 380 140 0 0 0 0 0 0 0
No-Mask 0 0 0 232 189 272 224 0 0 0 0 0 0 0
Mask 0 0 0 298 267 343 317 0 0 0 0 0 0 0
Mask 0 0 0 378 266 419 314 0 0 0 0 0 0 0
No-Mask 0 0 0 462 98 494 128 0 0 0 0 0 0 0
No-Mask 0 0 0 498 97 526 130 0 0 0 0 0 0 0
Mask 0 0 0 548 115 577 168 0 0 0 0 0 0 0
No-Mask 0 0 0 625 46 668 96 0 0 0 0 0 0 0
No-Mask 0 0 0 709 70 743 104 0 0 0 0 0 0 0
Mask 0 0 0 824 62 876 110 0 0 0 0 0 0 0
Mask 0 0 0 812 139 860 201 0 0 0 0 0 0 0
No-Mask 0 0 0 259 17 292 39 0 0 0 0 0 0 0
