No-Mask 0 0 0 85 30 124 65 0 0 0 0 0 0 0
No-Mask 0 0 0 147 100 192 135 0 0 0 0 0 0 0
No-Mask 0 0 0 136 182 186 225 0 0 0 0 0 0 0
Mask 0 0 0 107 280 156 319 0 0 0 0 0 0 0
No-Mask 0 0 0 433 65 472 101 0 0 0 0 0 0 0
Mask 0 0 0 388 148 436 185 0 0 0 0 0 0 0
Mask 0 0 0 428 201 472 237 0 0 0 0 0 0 0
Mask 0 0 0 402 293 453 336 0 0 0 0 0 0 0
Mask 0 0 0 690 17 732 51 0 0 0 0 0 0 0
Mask 0 0 0 763 72 812 108 0 0 0 0 0 0 0
No-Mask 0 0 0 754 143 795 172 0 0 0 0 0 0 0
No-Mask 0 0 0 652 213 698 252 0 0 0 0 0 0 0
Mask 0 0 0 738 328 785 352 0 0 0 0 0 0 0
