No-Mask 0 0 0 19 2 74 40 0 0 0 0 0 0 0
Mask 0 0 0 21 164 72 214 0 0 0 0 0 0 0
Mask 0 0 0 204 122 263 166 0 0 0 0 0 0 0
Mask 0 0 0 241 11 302 61 0 0 0 0 0 0 0
No-Mask 0 0 0 35 234 83 280 0 0 0 0 0 0 0
Mask 0 0 0 1 444 42 514 0 0 0 0 0 0 0
Mask 0 0 0 58 394 125 457 0 0 0 0 0 0 0
Mask 0 0 0 212 241 265 292 0 0 0 0 0 0 0
Mask 0 0 0 443 54 503 95 0 0 0 0 0 0 0
Mask 0 0 0 434 121 498 171 0 0 0 0 0 0 0
Mask 0 0 0 453 205 513 254 0 0 0 0 0 0 0
Mask 0 0 0 318 472 386 533 0 0 0 0 0 0 0
Mask 0 0 0 467 382 535 432 0 0 0 0 0 0 0
Mask 0 0 0 517 417 590 478 0 0 0 0 0 0 0
Mask 0 0 0 609 241 661 287 0 0 0 0 0 0 0
Mask 0 0 0 625 119 685 168 0 0 0 0 0 0 0
Mask 0 0 0 717 113 775 168 0 0 0 0 0 0 0
Mask 0 0 0 800 25 844 64 0 0 0 0 0 0 0
Mask 0 0 0 866 162 931 207 0 0 0 0 0 0 0
Mask 0 0 0 898 324 958 371 0 0 0 0 0 0 0
