No-Mask 0 0 0 33 376 52 409 0 0 0 0 0 0 0
Mask 0 0 0 72 378 113 417 0 0 0 0 0 0 0
Mask 0 0 0 159 368 177 392 0 0 0 0 0 0 0
Mask 0 0 0 232 393 269 427 0 0 0 0 0 0 0
No-Mask 0 0 0 302 296 324 322 0 0 0 0 0 0 0
Mask 0 0 0 322 305 357 331 0 0 0 0 0 0 0
No-Mask 0 0 0 338 348 369 377 0 0 0 0 0 0 0
Mask 0 0 0 292 367 327 395 0 0 0 0 0 0 0
Mask 0 0 0 381 351 415 385 0 0 0 0 0 0 0
Mask 0 0 0 422 323 454 357 0 0 0 0 0 0 0
Mask 0 0 0 511 311 541 335 0 0 0 0 0 0 0
Mask 0 0 0 465 364 502 398 0 0 0 0 0 0 0
Mask 0 0 0 485 401 526 442 0 0 0 0 0 0 0
Mask 0 0 0 558 301 593 332 0 0 0 0 0 0 0
No-Mask 0 0 0 529 505 575 544 0 0 0 0 0 0 0
Mask 0 0 0 532 253 558 274 0 0 0 0 0 0 0
Mask 0 0 0 480 233 503 255 0 0 0 0 0 0 0
Mask 0 0 0 578 255 603 277 0 0 0 0 0 0 0
Mask 0 0 0 688 215 712 235 0 0 0 0 0 0 0
Mask 0 0 0 747 223 765 240 0 0 0 0 0 0 0
Mask 0 0 0 858 263 881 283 0 0 0 0 0 0 0
