Mask 0 0 0 58 144 105 199 0 0 0 0 0 0 0
Mask 0 0 0 139 180 182 230 0 0 0 0 0 0 0
Mask 0 0 0 312 160 365 222 0 0 0 0 0 0 0
Mask 0 0 0 370 156 409 201 0 0 0 0 0 0 0
Mask 0 0 0 409 279 459 332 0 0 0 0 0 0 0
Mask 0 0 0 490 150 520 193 0 0 0 0 0 0 0
Mask 0 0 0 517 152 561 202 0 0 0 0 0 0 0
Mask 0 0 0 569 174 608 218 0 0 0 0 0 0 0
Mask 0 0 0 603 190 646 239 0 0 0 0 0 0 0
Mask 0 0 0 658 198 711 255 0 0 0 0 0 0 0
Mask 0 0 0 718 143 754 185 0 0 0 0 0 0 0
No-Mask 0 0 0 758 147 794 183 0 0 0 0 0 0 0
Mask 0 0 0 827 129 867 177 0 0 0 0 0 0 0
Mask 0 0 0 878 139 925 193 0 0 0 0 0 0 0
Mask 0 0 0 270 133 303 172 0 0 0 0 0 0 0
Mask 0 0 0 440 159 474 195 0 0 0 0 0 0 0
Mask 0 0 0 334 135 370 172 0 0 0 0 0 0 0
Mask 0 0 0 794 150 818 179 0 0 0 0 0 0 0
