No-Mask 0 0 0 -15 57 175 173 0 0 0 0 0 0 0
No-Mask 0 0 0 145 196 347 313 0 0 0 0 0 0 0
No-Mask 0 0 0 423 179 637 313 0 0 0 0 0 0 0
No-Mask 0 0 0 632 279 808 383 0 0 0 0 0 0 0
No-Mask 0 0 0 740 154 923 265 0 0 0 0 0 0 0
No-Mask 0 0 0 641 128 817 236 0 0 0 0 0 0 0
No-Mask 0 0 0 297 82 443 169 0 0 0 0 0 0 0
No-Mask 0 0 0 173 60 313 139 0 0 0 0 0 0 0
No-Mask 0 0 0 460 73 606 160 0 0 0 0 0 0 0
No-Mask 0 0 0 86 -3 170 47 0 0 0 0 0 0 0
No-Mask 0 0 0 720 3 816 56 0 0 0 0 0 0 0
No-Mask 0 0 0 -60 212 93 323 0 0 0 0 0 0 0
No-Mask 0 0 0 364 49 478 114 0 0 0 0 0 0 0
