No-Mask 0 0 0 -9 33 58 120 0 0 0 0 0 0 0
No-Mask 0 0 0 55 29 109 98 0 0 0 0 0 0 0
No-Mask 0 0 0 103 121 185 227 0 0 0 0 0 0 0
No-Mask 0 0 0 10 241 95 358 0 0 0 0 0 0 0
No-Mask 0 0 0 142 230 232 344 0 0 0 0 0 0 0
No-Mask 0 0 0 188 311 348 517 0 0 0 0 0 0 0
No-Mask 0 0 0 131 46 203 126 0 0 0 0 0 0 0
No-Mask 0 0 0 219 40 282 113 0 0 0 0 0 0 0
No-Mask 0 0 0 182 136 264 253 0 0 0 0 0 0 0
No-Mask 0 0 0 283 140 364 242 0 0 0 0 0 0 0
No-Mask 0 0 0 372 178 445 281 0 0 0 0 0 0 0
No-Mask 0 0 0 449 158 530 283 0 0 0 0 0 0 0
No-Mask 0 0 0 323 62 383 142 0 0 0 0 0 0 0
No-Mask 0 0 0 275 18 325 76 0 0 0 0 0 0 0
No-Mask 0 0 0 177 -15 218 32 0 0 0 0 0 0 0
No-Mask 0 0 0 353 59 417 131 0 0 0 0 0 0 0
No-Mask 0 0 0 347 16 393 70 0 0 0 0 0 0 0
No-Mask 0 0 0 492 55 547 120 0 0 0 0 0 0 0
No-Mask 0 0 0 524 95 592 176 0 0 0 0 0 0 0
No-Mask 0 0 0 643 188 703 268 0 0 0 0 0 0 0
No-Mask 0 0 0 503 0 545 57 0 0 0 0 0 0 0
No-Mask 0 0 0 641 16 696 85 0 0 0 0 0 0 0
No-Mask 0 0 0 748 57 807 126 0 0 0 0 0 0 0
No-Mask 0 0 0 816 143 897 253 0 0 0 0 0 0 0
No-Mask 0 0 0 886 79 968 192 0 0 0 0 0 0 0
No-Mask 0 0 0 825 59 880 131 0 0 0 0 0 0 0
No-Mask 0 0 0 719 5 756 48 0 0 0 0 0 0 0
