No-Mask 0 0 0 -5 128 186 339 0 0 0 0 0 0 0
No-Mask 0 0 0 178 57 276 155 0 0 0 0 0 0 0
No-Mask 0 0 0 314 63 426 187 0 0 0 0 0 0 0
No-Mask 0 0 0 579 139 822 408 0 0 0 0 0 0 0
No-Mask 0 0 0 496 78 568 154 0 0 0 0 0 0 0
No-Mask 0 0 0 601 83 673 155 0 0 0 0 0 0 0
No-Mask 0 0 0 588 32 647 88 0 0 0 0 0 0 0
No-Mask 0 0 0 663 33 709 83 0 0 0 0 0 0 0
No-Mask 0 0 0 693 25 765 95 0 0 0 0 0 0 0
No-Mask 0 0 0 792 95 943 258 0 0 0 0 0 0 0
No-Mask 0 0 0 776 11 826 58 0 0 0 0 0 0 0
No-Mask 0 0 0 831 35 890 91 0 0 0 0 0 0 0
No-Mask 0 0 0 712 3 758 47 0 0 0 0 0 0 0
