No-Mask 0 0 0 37 19 149 136 0 0 0 0 0 0 0
No-Mask 0 0 0 41 205 149 310 0 0 0 0 0 0 0
No-Mask 0 0 0 41 386 144 499 0 0 0 0 0 0 0
No-Mask 0 0 0 229 22 341 130 0 0 0 0 0 0 0
No-Mask 0 0 0 227 201 347 326 0 0 0 0 0 0 0
No-Mask 0 0 0 227 386 343 491 0 0 0 0 0 0 0
No-Mask 0 0 0 423 24 539 134 0 0 0 0 0 0 0
No-Mask 0 0 0 423 198 539 312 0 0 0 0 0 0 0
No-Mask 0 0 0 425 386 537 496 0 0 0 0 0 0 0
No-Mask 0 0 0 619 28 723 144 0 0 0 0 0 0 0
No-Mask 0 0 0 619 198 735 312 0 0 0 0 0 0 0
No-Mask 0 0 0 619 384 727 501 0 0 0 0 0 0 0
No-Mask 0 0 0 809 25 925 138 0 0 0 0 0 0 0
No-Mask 0 0 0 818 205 929 319 0 0 0 0 0 0 0
No-Mask 0 0 0 798 376 932 521 0 0 0 0 0 0 0
