No-Mask 0 0 0 278 67 443 249 0 0 0 0 0 0 0
No-Mask 0 0 0 123 216 187 273 0 0 0 0 0 0 0
No-Mask 0 0 0 887 288 954 351 0 0 0 0 0 0 0
No-Mask 0 0 0 662 277 721 337 0 0 0 0 0 0 0
No-Mask 0 0 0 607 255 670 312 0 0 0 0 0 0 0
No-Mask 0 0 0 604 222 659 270 0 0 0 0 0 0 0
No-Mask 0 0 0 816 241 875 289 0 0 0 0 0 0 0
No-Mask 0 0 0 698 248 753 302 0 0 0 0 0 0 0
No-Mask 0 0 0 466 176 494 201 0 0 0 0 0 0 0
No-Mask 0 0 0 515 195 565 234 0 0 0 0 0 0 0
No-Mask 0 0 0 33 316 110 384 0 0 0 0 0 0 0
No-Mask 0 0 0 887 226 941 274 0 0 0 0 0 0 0
No-Mask 0 0 0 568 226 614 266 0 0 0 0 0 0 0
No-Mask 0 0 0 613 200 642 225 0 0 0 0 0 0 0
No-Mask 0 0 0 750 229 804 274 0 0 0 0 0 0 0
No-Mask 0 0 0 850 264 905 312 0 0 0 0 0 0 0
No-Mask 0 0 0 769 256 832 308 0 0 0 0 0 0 0
No-Mask 0 0 0 917 249 971 300 0 0 0 0 0 0 0
No-Mask 0 0 0 838 213 879 247 0 0 0 0 0 0 0
No-Mask 0 0 0 857 193 890 221 0 0 0 0 0 0 0
No-Mask 0 0 0 686 206 710 228 0 0 0 0 0 0 0
No-Mask 0 0 0 846 297 901 348 0 0 0 0 0 0 0
