No-Mask 0 0 0 145 45 305 259 0 0 0 0 0 0 0
No-Mask 0 0 0 397 128 514 273 0 0 0 0 0 0 0
No-Mask 0 0 0 143 340 342 575 0 0 0 0 0 0 0
No-Mask 0 0 0 529 154 659 323 0 0 0 0 0 0 0
No-Mask 0 0 0 643 35 746 176 0 0 0 0 0 0 0
No-Mask 0 0 0 592 29 677 135 0 0 0 0 0 0 0
No-Mask 0 0 0 4 41 50 95 0 0 0 0 0 0 0
No-Mask 0 0 0 70 26 116 76 0 0 0 0 0 0 0
No-Mask 0 0 0 102 46 143 93 0 0 0 0 0 0 0
No-Mask 0 0 0 106 94 169 169 0 0 0 0 0 0 0
No-Mask 0 0 0 300 86 355 154 0 0 0 0 0 0 0
No-Mask 0 0 0 7 144 149 319 0 0 0 0 0 0 0
No-Mask 0 0 0 511 55 566 109 0 0 0 0 0 0 0
No-Mask 0 0 0 511 93 562 143 0 0 0 0 0 0 0
No-Mask 0 0 0 846 48 914 130 0 0 0 0 0 0 0
