Mask 0 0 0 18 36 86 108 0 0 0 0 0 0 0
Mask 0 0 0 126 44 206 121 0 0 0 0 0 0 0
Mask 0 0 0 141 185 224 267 0 0 0 0 0 0 0
Mask 0 0 0 64 373 139 449 0 0 0 0 0 0 0
Mask 0 0 0 262 206 345 296 0 0 0 0 0 0 0
Mask 0 0 0 248 410 324 474 0 0 0 0 0 0 0
Mask 0 0 0 455 286 540 383 0 0 0 0 0 0 0
Mask 0 0 0 471 447 549 536 0 0 0 0 0 0 0
Mask 0 0 0 540 269 613 349 0 0 0 0 0 0 0
Mask 0 0 0 668 379 742 467 0 0 0 0 0 0 0
Mask 0 0 0 774 132 850 216 0 0 0 0 0 0 0
Mask 0 0 0 904 66 959 132 0 0 0 0 0 0 0
Mask 0 0 0 896 190 960 271 0 0 0 0 0 0 0
Mask 0 0 0 766 296 842 383 0 0 0 0 0 0 0
Mask 0 0 0 863 343 951 431 0 0 0 0 0 0 0
Mask 0 0 0 741 462 824 544 0 0 0 0 0 0 0
