Mask 0 0 0 58 152 102 192 0 0 0 0 0 0 0
Mask 0 0 0 123 138 159 171 0 0 0 0 0 0 0
Mask 0 0 0 176 123 204 149 0 0 0 0 0 0 0
Mask 0 0 0 233 158 280 197 0 0 0 0 0 0 0
Mask 0 0 0 380 152 425 191 0 0 0 0 0 0 0
Mask 0 0 0 447 98 526 171 0 0 0 0 0 0 0
Mask 0 0 0 560 107 600 155 0 0 0 0 0 0 0
Mask 0 0 0 654 164 681 189 0 0 0 0 0 0 0
Mask 0 0 0 711 132 752 172 0 0 0 0 0 0 0
Mask 0 0 0 801 163 836 197 0 0 0 0 0 0 0
Mask 0 0 0 882 148 916 182 0 0 0 0 0 0 0
Mask 0 0 0 923 146 942 173 0 0 0 0 0 0 0
Mask 0 0 0 254 120 282 139 0 0 0 0 0 0 0
