Mask 0 0 0 52 260 159 354 0 0 0 0 0 0 0
Mask 0 0 0 139 389 256 498 0 0 0 0 0 0 0
Mask 0 0 0 272 228 336 287 0 0 0 0 0 0 0
Mask 0 0 0 205 242 252 277 0 0 0 0 0 0 0
Mask 0 0 0 271 167 316 209 0 0 0 0 0 0 0
Mask 0 0 0 379 180 422 231 0 0 0 0 0 0 0
Mask 0 0 0 352 175 379 200 0 0 0 0 0 0 0
Mask 0 0 0 426 239 493 305 0 0 0 0 0 0 0
Mask 0 0 0 564 180 629 245 0 0 0 0 0 0 0
Mask 0 0 0 718 163 766 214 0 0 0 0 0 0 0
Mask 0 0 0 686 288 775 364 0 0 0 0 0 0 0
Mask 0 0 0 754 427 894 538 0 0 0 0 0 0 0
Mask 0 0 0 835 186 873 225 0 0 0 0 0 0 0
Mask 0 0 0 890 228 937 265 0 0 0 0 0 0 0
Mask 0 0 0 881 330 960 446 0 0 0 0 0 0 0
Mask 0 0 0 639 209 679 247 0 0 0 0 0 0 0
Mask 0 0 0 897 180 933 205 0 0 0 0 0 0 0
