Mask 0 0 0 21 119 69 173 0 0 0 0 0 0 0
Mask 0 0 0 75 109 132 162 0 0 0 0 0 0 0
Mask 0 0 0 244 55 288 106 0 0 0 0 0 0 0
Mask 0 0 0 207 159 250 215 0 0 0 0 0 0 0
Mask 0 0 0 279 137 327 191 0 0 0 0 0 0 0
Mask 0 0 0 354 141 408 197 0 0 0 0 0 0 0
Mask 0 0 0 403 101 458 152 0 0 0 0 0 0 0
Mask 0 0 0 463 129 519 183 0 0 0 0 0 0 0
Mask 0 0 0 520 109 577 165 0 0 0 0 0 0 0
Mask 0 0 0 642 129 688 176 0 0 0 0 0 0 0
Mask 0 0 0 696 127 739 184 0 0 0 0 0 0 0
Mask 0 0 0 775 107 837 168 0 0 0 0 0 0 0
Mask 0 0 0 878 101 934 159 0 0 0 0 0 0 0
Mask 0 0 0 304 83 354 133 0 0 0 0 0 0 0
Mask 0 0 0 938 186 960 230 0 0 0 0 0 0 0
