Mask 0 0 0 58 119 103 171 0 0 0 0 0 0 0
Mask 0 0 0 140 150 185 199 0 0 0 0 0 0 0
Mask 0 0 0 309 133 364 190 0 0 0 0 0 0 0
Mask 0 0 0 368 130 410 177 0 0 0 0 0 0 0
Mask 0 0 0 406 251 460 307 0 0 0 0 0 0 0
Mask 0 0 0 444 131 474 167 0 0 0 0 0 0 0
Mask 0 0 0 493 121 520 167 0 0 0 0 0 0 0
Mask 0 0 0 517 124 558 176 0 0 0 0 0 0 0
Mask 0 0 0 570 146 606 191 0 0 0 0 0 0 0
Mask 0 0 0 604 163 645 214 0 0 0 0 0 0 0
Mask 0 0 0 659 170 713 231 0 0 0 0 0 0 0
Mask 0 0 0 719 117 752 159 0 0 0 0 0 0 0
No-Mask 0 0 0 755 123 797 156 0 0 0 0 0 0 0
Mask 0 0 0 826 103 869 148 0 0 0 0 0 0 0
Mask 0 0 0 879 113 925 163 0 0 0 0 0 0 0
Mask 0 0 0 336 108 371 144 0 0 0 0 0 0 0
Mask 0 0 0 270 109 305 142 0 0 0 0 0 0 0
