Mask 0 0 0 58 24 83 50 0 0 0 0 0 0 0
Mask 0 0 0 131 18 155 40 0 0 0 0 0 0 0
Mask 0 0 0 286 31 311 61 0 0 0 0 0 0 0
Mask 0 0 0 398 5 425 30 0 0 0 0 0 0 0
Mask 0 0 0 49 96 79 125 0 0 0 0 0 0 0
Mask 0 0 0 126 80 156 105 0 0 0 0 0 0 0
Mask 0 0 0 256 75 284 102 0 0 0 0 0 0 0
Mask 0 0 0 277 113 305 138 0 0 0 0 0 0 0
Mask 0 0 0 216 156 247 181 0 0 0 0 0 0 0
Mask 0 0 0 59 145 94 175 0 0 0 0 0 0 0
Mask 0 0 0 18 183 50 212 0 0 0 0 0 0 0
Mask 0 0 0 84 213 118 238 0 0 0 0 0 0 0
Mask 0 0 0 84 248 113 281 0 0 0 0 0 0 0
Mask 0 0 0 142 265 174 297 0 0 0 0 0 0 0
Mask 0 0 0 145 308 187 343 0 0 0 0 0 0 0
Mask 0 0 0 98 418 142 451 0 0 0 0 0 0 0
Mask 0 0 0 122 484 166 523 0 0 0 0 0 0 0
Mask 0 0 0 221 459 264 491 0 0 0 0 0 0 0
Mask 0 0 0 295 259 334 289 0 0 0 0 0 0 0
Mask 0 0 0 319 183 349 209 0 0 0 0 0 0 0
Mask 0 0 0 341 427 385 466 0 0 0 0 0 0 0
Mask 0 0 0 407 289 443 326 0 0 0 0 0 0 0
Mask 0 0 0 468 45 494 63 0 0 0 0 0 0 0
Mask 0 0 0 491 73 518 98 0 0 0 0 0 0 0
Mask 0 0 0 552 49 580 73 0 0 0 0 0 0 0
Mask 0 0 0 526 98 556 123 0 0 0 0 0 0 0
Mask 0 0 0 618 92 647 116 0 0 0 0 0 0 0
Mask 0 0 0 592 121 625 153 0 0 0 0 0 0 0
Mask 0 0 0 558 205 590 236 0 0 0 0 0 0 0
Mask 0 0 0 511 252 545 287 0 0 0 0 0 0 0
Mask 0 0 0 666 412 708 452 0 0 0 0 0 0 0
Mask 0 0 0 721 189 756 222 0 0 0 0 0 0 0
Mask 0 0 0 748 283 784 314 0 0 0 0 0 0 0
Mask 0 0 0 742 14 769 36 0 0 0 0 0 0 0
Mask 0 0 0 770 2 792 27 0 0 0 0 0 0 0
No-Mask 0 0 0 880 22 900 47 0 0 0 0 0 0 0
Mask 0 0 0 793 51 818 71 0 0 0 0 0 0 0
Mask 0 0 0 905 181 932 202 0 0 0 0 0 0 0
Mask 0 0 0 845 253 878 285 0 0 0 0 0 0 0
Mask 0 0 0 866 361 895 391 0 0 0 0 0 0 0
Mask 0 0 0 896 388 935 418 0 0 0 0 0 0 0
