Mask 0 0 0 13 149 70 196 0 0 0 0 0 0 0
Mask 0 0 0 19 228 80 275 0 0 0 0 0 0 0
Mask 0 0 0 108 161 191 245 0 0 0 0 0 0 0
Mask 0 0 0 214 193 263 237 0 0 0 0 0 0 0
Mask 0 0 0 452 66 522 131 0 0 0 0 0 0 0
Mask 0 0 0 742 131 842 224 0 0 0 0 0 0 0
Mask 0 0 0 851 223 895 267 0 0 0 0 0 0 0
Mask 0 0 0 650 228 700 262 0 0 0 0 0 0 0
Mask 0 0 0 714 221 746 251 0 0 0 0 0 0 0
Mask 0 0 0 218 145 268 185 0 0 0 0 0 0 0
Mask 0 0 0 873 187 909 217 0 0 0 0 0 0 0
Mask 0 0 0 893 244 922 279 0 0 0 0 0 0 0
Mask 0 0 0 520 114 550 162 0 0 0 0 0 0 0
