Mask 0 0 0 351 318 478 429 0 0 0 0 0 0 0
Mask 0 0 0 482 388 550 476 0 0 0 0 0 0 0
Mask 0 0 0 581 391 700 501 0 0 0 0 0 0 0
Mask 0 0 0 740 370 829 456 0 0 0 0 0 0 0
Mask 0 0 0 596 219 661 285 0 0 0 0 0 0 0
Mask 0 0 0 658 201 724 260 0 0 0 0 0 0 0
Mask 0 0 0 465 182 511 230 0 0 0 0 0 0 0
Mask 0 0 0 512 154 566 201 0 0 0 0 0 0 0
Mask 0 0 0 556 100 592 136 0 0 0 0 0 0 0
Mask 0 0 0 636 91 671 123 0 0 0 0 0 0 0
Mask 0 0 0 496 94 532 127 0 0 0 0 0 0 0
Mask 0 0 0 542 73 571 96 0 0 0 0 0 0 0
Mask 0 0 0 604 66 638 91 0 0 0 0 0 0 0
Mask 0 0 0 694 62 727 83 0 0 0 0 0 0 0
Mask 0 0 0 866 64 890 80 0 0 0 0 0 0 0
