Mask 0 0 0 35 251 54 276 0 0 0 0 0 0 0
Mask 0 0 0 111 280 146 316 0 0 0 0 0 0 0
Mask 0 0 0 147 255 203 320 0 0 0 0 0 0 0
Mask 0 0 0 205 254 237 291 0 0 0 0 0 0 0
Mask 0 0 0 279 339 337 398 0 0 0 0 0 0 0
Mask 0 0 0 38 222 51 234 0 0 0 0 0 0 0
Mask 0 0 0 82 220 96 235 0 0 0 0 0 0 0
Mask 0 0 0 102 222 122 241 0 0 0 0 0 0 0
Mask 0 0 0 126 222 143 239 0 0 0 0 0 0 0
Mask 0 0 0 273 222 296 249 0 0 0 0 0 0 0
Mask 0 0 0 299 236 316 254 0 0 0 0 0 0 0
Mask 0 0 0 309 266 334 290 0 0 0 0 0 0 0
Mask 0 0 0 336 213 350 232 0 0 0 0 0 0 0
Mask 0 0 0 412 247 438 269 0 0 0 0 0 0 0
Mask 0 0 0 390 338 419 364 0 0 0 0 0 0 0
Mask 0 0 0 467 237 486 269 0 0 0 0 0 0 0
Mask 0 0 0 501 254 530 290 0 0 0 0 0 0 0
Mask 0 0 0 484 303 524 376 0 0 0 0 0 0 0
Mask 0 0 0 437 194 454 213 0 0 0 0 0 0 0
Mask 0 0 0 395 197 415 217 0 0 0 0 0 0 0
Mask 0 0 0 596 257 635 293 0 0 0 0 0 0 0
Mask 0 0 0 542 228 565 246 0 0 0 0 0 0 0
Mask 0 0 0 643 191 658 209 0 0 0 0 0 0 0
Mask 0 0 0 630 172 645 187 0 0 0 0 0 0 0
Mask 0 0 0 683 310 810 446 0 0 0 0 0 0 0
Mask 0 0 0 902 202 940 252 0 0 0 0 0 0 0
Mask 0 0 0 826 231 850 259 0 0 0 0 0 0 0
Mask 0 0 0 64 314 81 336 0 0 0 0 0 0 0
Mask 0 0 0 54 216 67 231 0 0 0 0 0 0 0
