No-Mask 0 0 0 88 128 151 201 0 0 0 0 0 0 0
No-Mask 0 0 0 151 205 211 261 0 0 0 0 0 0 0
No-Mask 0 0 0 153 291 218 366 0 0 0 0 0 0 0
No-Mask 0 0 0 211 113 269 185 0 0 0 0 0 0 0
No-Mask 0 0 0 287 255 360 344 0 0 0 0 0 0 0
Mask 0 0 0 387 263 473 371 0 0 0 0 0 0 0
No-Mask 0 0 0 495 132 548 205 0 0 0 0 0 0 0
No-Mask 0 0 0 546 321 623 408 0 0 0 0 0 0 0
No-Mask 0 0 0 565 237 630 308 0 0 0 0 0 0 0
Mask 0 0 0 811 301 888 403 0 0 0 0 0 0 0
No-Mask 0 0 0 898 163 950 229 0 0 0 0 0 0 0
No-Mask 0 0 0 642 55 693 114 0 0 0 0 0 0 0
No-Mask 0 0 0 827 91 868 134 0 0 0 0 0 0 0
No-Mask 0 0 0 439 125 492 180 0 0 0 0 0 0 0
