Mask 0 0 0 751 129 831 194 0 0 0 0 0 0 0
Mask 0 0 0 847 299 948 381 0 0 0 0 0 0 0
Mask 0 0 0 673 303 760 374 0 0 0 0 0 0 0
Mask 0 0 0 516 303 616 384 0 0 0 0 0 0 0
Mask 0 0 0 599 191 700 272 0 0 0 0 0 0 0
Mask 0 0 0 500 140 580 206 0 0 0 0 0 0 0
Mask 0 0 0 378 178 463 248 0 0 0 0 0 0 0
Mask 0 0 0 298 170 378 236 0 0 0 0 0 0 0
Mask 0 0 0 33 268 163 374 0 0 0 0 0 0 0
Mask 0 0 0 192 286 292 367 0 0 0 0 0 0 0
Mask 0 0 0 284 285 379 363 0 0 0 0 0 0 0
Mask 0 0 0 146 175 239 251 0 0 0 0 0 0 0
Mask 0 0 0 230 163 307 225 0 0 0 0 0 0 0
