Mask 0 0 0 25 131 71 168 0 0 0 0 0 0 0
Mask 0 0 0 158 120 197 152 0 0 0 0 0 0 0
Mask 0 0 0 238 121 273 157 0 0 0 0 0 0 0
Mask 0 0 0 372 114 412 148 0 0 0 0 0 0 0
Mask 0 0 0 421 111 450 141 0 0 0 0 0 0 0
Mask 0 0 0 454 106 482 141 0 0 0 0 0 0 0
Mask 0 0 0 486 81 518 104 0 0 0 0 0 0 0
Mask 0 0 0 473 137 510 169 0 0 0 0 0 0 0
Mask 0 0 0 526 168 581 216 0 0 0 0 0 0 0
No-Mask 0 0 0 625 94 666 135 0 0 0 0 0 0 0
Mask 0 0 0 635 174 694 233 0 0 0 0 0 0 0
Mask 0 0 0 759 83 795 117 0 0 0 0 0 0 0
Mask 0 0 0 744 169 794 207 0 0 0 0 0 0 0
Mask 0 0 0 842 210 920 284 0 0 0 0 0 0 0
No-Mask 0 0 0 814 210 847 252 0 0 0 0 0 0 0
