Mask 0 0 0 38 86 122 168 0 0 0 0 0 0 0
Mask 0 0 0 94 158 229 267 0 0 0 0 0 0 0
Mask 0 0 0 352 171 422 226 0 0 0 0 0 0 0
Mask 0 0 0 388 94 452 139 0 0 0 0 0 0 0
Mask 0 0 0 412 130 469 189 0 0 0 0 0 0 0
Mask 0 0 0 458 101 568 189 0 0 0 0 0 0 0
Mask 0 0 0 619 117 684 171 0 0 0 0 0 0 0
No-Mask 0 0 0 600 50 645 88 0 0 0 0 0 0 0
No-Mask 0 0 0 688 91 733 131 0 0 0 0 0 0 0
Mask 0 0 0 746 118 814 182 0 0 0 0 0 0 0
Mask 0 0 0 799 200 906 283 0 0 0 0 0 0 0
Mask 0 0 0 825 110 878 154 0 0 0 0 0 0 0
Mask 0 0 0 801 46 851 86 0 0 0 0 0 0 0
