Mask 0 0 0 55 96 105 147 0 0 0 0 0 0 0
Mask 0 0 0 139 130 182 175 0 0 0 0 0 0 0
Mask 0 0 0 273 84 302 116 0 0 0 0 0 0 0
Mask 0 0 0 310 111 363 171 0 0 0 0 0 0 0
Mask 0 0 0 336 84 369 117 0 0 0 0 0 0 0
Mask 0 0 0 371 106 410 150 0 0 0 0 0 0 0
Mask 0 0 0 404 231 458 282 0 0 0 0 0 0 0
Mask 0 0 0 442 108 472 142 0 0 0 0 0 0 0
Mask 0 0 0 493 101 522 142 0 0 0 0 0 0 0
Mask 0 0 0 519 104 561 150 0 0 0 0 0 0 0
Mask 0 0 0 570 124 606 163 0 0 0 0 0 0 0
Mask 0 0 0 603 141 649 189 0 0 0 0 0 0 0
Mask 0 0 0 657 149 709 202 0 0 0 0 0 0 0
Mask 0 0 0 715 94 753 136 0 0 0 0 0 0 0
No-Mask 0 0 0 758 100 794 132 0 0 0 0 0 0 0
Mask 0 0 0 827 79 868 128 0 0 0 0 0 0 0
Mask 0 0 0 882 90 924 140 0 0 0 0 0 0 0
Mask 0 0 0 797 100 818 129 0 0 0 0 0 0 0
